nb07xx_Applications/nb0731_Wind_Speed_Distribution/data/original/DWD/wind/weibull1981-2000_kdat_10m_BRD.asc
NCOLS 650
NROWS 880
XLLCORNER 3280000
YLLCORNER 5230000
CELLSIZE 1000
NODATA_VALUE 0
[rows 760 to 797 of 880, columns 86 to 171 of 650]
0 0 0 0 0 0 0 0 0 0 0 0 0 0 0 0 0 0 0 0 0 0 0 0 0 0 0 0 0 0 0 0 0 0 0 0 1276 1279 1303 1317 1321 1328 1325 1328 1328 1321 1329 1340 1342 1301 1434 1376 1428 1370 1423 1354 1276 1357 1332 1488 1334 1293 1353 1509 1376 1315 1248 1247 1265 1263 1306 1263 1267 1311 1257 1266 1369 1567 1615 1404 1437 1439 1443 1387 1548 1303
0 0 0 0 0 0 0 0 0 0 0 0 0 0 0 0 0 0 0 0 0 0 0 0 0 0 0 0 0 0 0 0 0 0 0 0 1271 1281 1308 1311 1308 1310 1315 1329 1332 1315 1338 1311 1317 1321 1453 1417 1423 1318 1389 1307 1266 1403 1343 1361 1298 1323 1444 1509 1505 1374 1241 1385 1496 1434 1426 1314 1361 1407 1276 1490 1351 1393 1598 1628 1656 1542 1445 1541 1424 1327
0 0 0 0 0 0 0 0 0 0 0 0 0 0 0 0 0 0 0 0 0 0 0 0 0 0 0 0 0 0 0 0 0 0 0 0 1267 1279 1312 1317 1307 1302 1309 1321 1328 1311 1334 1319 1343 1375 1514 1487 1472 1377 1411 1392 1264 1296 1430 1329 1423 1336 1570 1485 1307 1282 1404 1263 1435 1408 1456 1312 1410 1588 1372 1331 1464 1346 1355 1462 1594 1707 1524 1650 1625 1446
0 0 0 0 0 0 0 0 0 0 0 0 0 0 0 0 0 0 0 0 0 0 0 0 0 0 0 0 0 0 0 0 0 0 0 0 1264 1275 1309 1321 1316 1316 1319 1315 1325 1323 1300 1300 1300 1322 1385 1431 1425 1436 1458 1411 1279 1303 1348 1425 1388 1521 1489 1309 1269 1349 1360 1297 1255 1359 1493 1389 1491 1580 1469 1272 1474 1591 1391 1528 1479 1653 1519 1500 1582 1474
0 0 0 0 0 0 0 0 0 0 0 0 0 0 0 0 0 0 0 0 0 0 0 0 0 0 0 0 0 0 0 0 0 0 0 1263 1266 1283 1308 1320 1329 1329 1325 1320 1348 1333 1314 1318 1362 1358 1251 1284 1270 1260 1340 1444 1275 1311 1401 1549 1472 1618 1517 1310 1425 1341 1359 1419 1288 1374 1306 1334 1388 1353 1335 1289 1426 1642 1564 1438 1694 1694 1598 1518 1490 1725
0 0 0 0 0 0 0 0 0 0 0 0 0 0 0 0 0 0 0 0 0 0 0 0 0 0 0 0 0 0 0 0 0 0 0 1261 1264 1288 1305 1313 1329 1326 1313 1327 1377 1321 1322 1324 1393 1488 1443 1318 1312 1395 1319 1327 1418 1454 1517 1621 1511 1652 1458 1369 1388 1396 1403 1295 1283 1391 1378 1421 1461 1510 1471 1315 1401 1639 1563 1645 1535 1618 1710 1684 1528 1526
0 0 0 0 0 0 0 0 0 0 0 0 0 0 0 0 0 0 0 0 0 0 0 0 0 0 0 0 0 0 0 0 0 0 0 1264 1264 1280 1300 1315 1327 1323 1301 1319 1345 1319 1346 1332 1421 1382 1484 1449 1398 1312 1404 1304 1489 1427 1434 1509 1482 1443 1396 1499 1457 1440 1384 1336 1347 1444 1477 1559 1597 1499 1359 1373 1283 1520 1466 1465 1624 1613 1484 1468 1450 1384
0 0 0 0 0 0 0 0 0 0 0 0 0 0 0 0 0 0 0 0 0 0 0 0 0 0 0 0 0 0 0 0 0 1263 1260 1265 1268 1267 1290 1314 1319 1319 1310 1307 1314 1295 1299 1295 1352 1293 1358 1309 1310 1312 1380 1326 1343 1346 1408 1507 1552 1413 1404 1472 1362 1436 1401 1479 1522 1499 1404 1624 1573 1366 1547 1535 1314 1363 1328 1405 1488 1640 1732 1729 1711 1708
0 0 0 0 0 0 0 0 0 0 0 0 0 0 0 0 0 0 0 0 0 0 0 0 0 0 0 0 0 0 0 0 0 1257 1258 1276 1286 1265 1264 1295 1311 1315 1310 1310 1317 1283 1281 1272 1260 1362 1320 1279 1327 1300 1332 1372 1503 1583 1614 1562 1506 1408 1381 1421 1464 1351 1399 1579 1454 1333 1434 1379 1453 1566 1565 1458 1319 1398 1422 1551 1494 1637 1722 1641 1666 1759
0 0 0 0 0 0 0 0 0 0 0 0 0 0 0 0 0 0 0 0 0 0 0 0 0 0 0 0 0 0 0 0 1255 1262 1283 1301 1306 1282 1256 1267 1299 1312 1298 1338 1390 1314 1339 1412 1305 1486 1402 1336 1382 1351 1457 1435 1459 1570 1573 1406 1347 1377 1394 1431 1466 1324 1451 1335 1385 1467 1695 1401 1560 1721 1662 1456 1449 1317 1427 1604 1736 1515 1647 1672 1566 1601
0 0 0 0 0 0 0 0 0 0 0 0 0 0 0 0 0 0 0 0 0 0 0 0 0 0 0 0 0 0 0 0 1260 1269 1300 1320 1320 1306 1277 1262 1288 1311 1298 1269 1305 1325 1324 1397 1302 1453 1370 1361 1393 1387 1444 1368 1426 1555 1557 1423 1378 1421 1353 1349 1477 1367 1302 1357 1575 1697 1693 1387 1544 1735 1626 1439 1314 1463 1624 1463 1644 1638 1677 1584 1534 1450
0 0 0 0 0 0 0 0 0 0 0 0 0 0 0 0 0 0 0 0 0 0 0 0 0 0 0 0 0 0 0 1287 1282 1290 1306 1320 1320 1314 1304 1293 1297 1309 1340 1386 1366 1332 1280 1339 1331 1272 1338 1423 1365 1343 1448 1491 1548 1479 1503 1501 1505 1404 1442 1322 1446 1298 1309 1467 1675 1757 1563 1376 1596 1702 1579 1537 1367 1389 1654 1616 1525 1730 1578 1640 1589 1532
0 0 0 0 0 0 0 0 0 0 0 0 0 0 0 0 0 0 0 0 0 0 0 0 0 0 0 0 0 0 1286 1293 1303 1300 1304 1317 1317 1309 1309 1314 1312 1310 1319 1364 1371 1308 1344 1280 1403 1285 1355 1339 1361 1290 1410 1469 1564 1534 1511 1353 1400 1417 1375 1295 1283 1312 1413 1428 1486 1657 1694 1434 1739 1741 1729 1497 1350 1492 1688 1641 1654 1617 1648 1542 1473 1528
0 0 0 0 0 0 0 0 0 0 0 0 0 0 0 0 0 0 0 0 0 0 0 0 0 0 0 0 0 0 1297 1301 1313 1309 1309 1316 1315 1305 1307 1315 1309 1301 1299 1312 1285 1298 1322 1352 1480 1392 1325 1277 1434 1360 1280 1364 1567 1397 1454 1487 1346 1315 1417 1312 1304 1318 1368 1551 1662 1705 1649 1399 1598 1674 1593 1578 1502 1396 1467 1545 1624 1645 1488 1525 1601 1694
0 0 0 0 0 0 0 0 0 0 0 0 0 0 0 0 0 0 0 0 0 0 0 0 0 0 0 0 0 0 1383 1302 1312 1316 1315 1314 1307 1294 1298 1314 1315 1303 1299 1307 1369 1352 1279 1318 1404 1340 1322 1270 1373 1330 1368 1468 1489 1452 1337 1457 1428 1401 1243 1277 1399 1558 1362 1359 1412 1504 1676 1435 1649 1645 1642 1742 1691 1453 1576 1513 1617 1510 1623 1579 1507 1685
0 0 0 0 0 0 0 0 0 0 0 0 0 0 0 0 0 0 0 0 0 0 0 0 0 0 0 0 0 0 1285 1294 1308 1309 1305 1307 1301 1280 1301 1357 1329 1312 1307 1306 1302 1286 1300 1302 1356 1305 1283 1269 1307 1261 1281 1311 1426 1318 1368 1364 1284 1256 1286 1316 1474 1650 1404 1460 1669 1459 1577 1421 1571 1520 1590 1695 1669 1393 1686 1569 1587 1559 1662 1525 1614 1612
0 0 0 0 0 0 0 0 0 0 0 0 0 0 0 0 0 0 0 0 0 0 0 0 0 0 0 0 0 1274 1296 1332 1294 1301 1305 1324 1324 1274 1317 1319 1304 1303 1305 1296 1291 1282 1278 1288 1293 1371 1279 1289 1250 1350 1384 1281 1372 1301 1249 1317 1249 1312 1491 1426 1392 1646 1520 1504 1538 1613 1571 1495 1704 1640 1653 1526 1597 1409 1603 1602 1550 1731 1689 1585 1605 1556
0 0 0 0 0 0 0 0 0 0 0 0 0 0 0 0 0 0 0 0 0 0 0 0 0 0 0 0 1268 1279 1295 1372 1306 1303 1328 1379 1409 1275 1310 1326 1297 1297 1303 1292 1284 1277 1271 1283 1263 1300 1285 1288 1274 1317 1377 1373 1315 1423 1323 1237 1286 1466 1615 1589 1546 1657 1676 1600 1668 1718 1644 1488 1713 1691 1743 1720 1523 1482 1482 1445 1649 1613 1533 1613 1520 1476
0 0 0 0 0 0 0 0 0 0 0 0 0 0 0 0 0 0 0 0 0 0 0 0 0 0 0 0 1282 1349 1313 1282 1369 1427 1377 1464 1399 1397 1309 1315 1302 1300 1300 1284 1262 1253 1252 1265 1258 1246 1266 1302 1276 1335 1404 1382 1311 1480 1285 1253 1325 1261 1440 1641 1669 1427 1438 1601 1623 1725 1664 1507 1596 1545 1565 1616 1645 1566 1661 1472 1712 1701 1608 1452 1525 1633
0 0 0 0 0 0 0 0 0 0 0 0 0 0 0 0 0 0 0 0 0 0 0 0 0 0 0 0 1264 1341 1316 1300 1350 1462 1376 1353 1321 1402 1304 1308 1299 1299 1296 1277 1244 1231 1230 1242 1259 1266 1273 1314 1290 1300 1284 1291 1263 1245 1241 1288 1512 1345 1251 1438 1389 1442 1703 1733 1660 1722 1713 1519 1618 1633 1683 1550 1594 1684 1652 1553 1689 1533 1571 1675 1599 1523
0 0 0 0 0 0 0 0 0 0 0 0 0 0 0 0 0 0 0 0 0 0 0 0 0 0 0 0 1257 1279 1296 1293 1357 1298 1277 1326 1412 1406 1287 1278 1275 1294 1315 1293 1263 1242 1241 1244 1245 1263 1280 1283 1258 1277 1327 1404 1266 1230 1281 1307 1330 1501 1405 1243 1311 1544 1557 1587 1400 1471 1567 1688 1536 1695 1543 1508 1642 1668 1581 1662 1642 1582 1573 1632 1568 1641
0 0 0 0 0 0 0 0 0 0 0 0 0 0 0 0 0 0 0 0 0 0 0 0 0 0 0 1242 1247 1275 1297 1299 1261 1342 1413 1353 1434 1409 1322 1297 1292 1294 1338 1321 1283 1272 1270 1268 1253 1259 1284 1292 1287 1335 1278 1218 1209 1248 1330 1491 1387 1678 1591 1323 1306 1288 1353 1372 1570 1672 1653 1607 1500 1660 1660 1567 1486 1556 1694 1566 1564 1487 1447 1553 1543 1623
0 0 0 0 0 0 0 0 0 0 0 0 0 0 0 0 0 0 0 0 0 0 0 0 0 0 0 1236 1244 1274 1298 1327 1301 1294 1412 1416 1379 1306 1298 1286 1294 1293 1298 1328 1284 1279 1278 1278 1277 1275 1279 1289 1282 1270 1252 1266 1315 1299 1394 1576 1569 1622 1620 1394 1544 1455 1280 1399 1387 1406 1600 1713 1492 1555 1534 1650 1650 1644 1637 1539 1590 1596 1605 1542 1492 1507
0 0 0 0 0 0 0 0 0 0 0 0 0 0 0 0 0 0 0 0 0 0 0 0 0 0 0 1244 1260 1283 1304 1309 1338 1448 1363 1270 1357 1301 1271 1273 1279 1278 1277 1340 1312 1280 1274 1267 1275 1282 1278 1302 1272 1276 1296 1486 1364 1398 1455 1454 1616 1668 1536 1424 1689 1621 1303 1480 1677 1526 1563 1668 1632 1472 1531 1602 1549 1581 1486 1593 1624 1508 1679 1594 1675 1600
0 0 0 0 0 0 0 0 0 0 0 0 0 0 0 0 0 0 0 0 0 0 0 0 0 0 0 1276 1283 1294 1308 1383 1403 1415 1307 1286 1310 1284 1275 1271 1255 1257 1269 1279 1354 1275 1251 1237 1259 1283 1285 1283 1265 1308 1368 1359 1488 1595 1663 1708 1701 1654 1528 1648 1680 1579 1356 1340 1468 1521 1504 1642 1681 1583 1455 1520 1664 1664 1515 1702 1544 1538 1632 1564 1470 1494
0 0 0 0 0 0 0 0 0 0 0 0 0 0 0 0 0 0 0 0 0 0 0 0 0 0 0 1280 1284 1292 1299 1349 1340 1312 1271 1292 1273 1281 1278 1271 1251 1245 1263 1290 1334 1305 1235 1226 1242 1267 1273 1278 1273 1259 1245 1376 1411 1426 1439 1589 1716 1678 1554 1671 1612 1671 1459 1398 1674 1657 1499 1537 1666 1686 1513 1631 1685 1643 1507 1703 1542 1482 1474 1586 1622 1651
0 0 0 0 0 0 0 0 0 0 0 0 0 0 0 0 0 0 0 0 0 0 0 0 0 0 0 1253 1254 1273 1294 1324 1289 1280 1272 1260 1270 1283 1296 1306 1271 1252 1255 1264 1261 1250 1231 1223 1228 1235 1248 1319 1303 1357 1321 1277 1249 1276 1290 1403 1676 1681 1469 1519 1531 1552 1572 1324 1578 1493 1500 1651 1690 1539 1496 1450 1503 1499 1487 1560 1591 1511 1518 1660 1702 1577
0 0 0 0 0 0 0 0 0 0 0 0 0 0 0 0 0 0 0 0 0 0 0 0 0 0 0 1228 1231 1261 1289 1290 1284 1284 1275 1268 1277 1304 1358 1289 1275 1250 1244 1262 1267 1242 1228 1225 1222 1229 1231 1269 1329 1342 1305 1449 1346 1486 1320 1496 1666 1541 1494 1584 1712 1639 1482 1433 1425 1624 1517 1555 1664 1490 1552 1632 1581 1593 1670 1522 1455 1644 1480 1603 1530 1664
0 0 0 0 0 0 0 0 0 0 0 0 0 0 0 0 0 0 0 0 0 0 0 0 0 0 0 0 1247 1262 1277 1284 1278 1275 1273 1274 1281 1348 1290 1273 1256 1231 1238 1265 1296 1237 1231 1230 1218 1224 1326 1293 1258 1374 1284 1429 1468 1610 1457 1463 1432 1453 1706 1706 1736 1662 1702 1608 1429 1693 1514 1503 1563 1575 1499 1649 1596 1568 1529 1635 1621 1630 1576 1449 1546 1671
0 0 0 0 0 0 0 0 0 0 0 0 0 0 0 0 0 0 0 0 0 0 0 0 0 0 0 0 0 1246 1256 1275 1275 1257 1253 1269 1314 1330 1295 1267 1236 1226 1251 1273 1272 1241 1229 1227 1211 1234 1295 1437 1420 1472 1439 1542 1612 1525 1466 1573 1604 1461 1578 1621 1535 1595 1741 1660 1410 1542 1485 1627 1637 1586 1560 1627 1587 1534 1478 1536 1505 1457 1588 1527 1707 1701
0 0 0 0 0 0 0 0 0 0 0 0 0 0 0 0 0 0 0 0 0 0 0 0 0 0 0 0 0 1228 1241 1267 1267 1240 1247 1303 1331 1290 1324 1262 1232 1225 1251 1272 1275 1254 1229 1218 1200 1201 1324 1497 1491 1369 1373 1444 1582 1398 1392 1340 1469 1563 1449 1454 1591 1620 1701 1610 1628 1441 1475 1532 1522 1478 1634 1682 1672 1631 1543 1588 1569 1595 1572 1447 1688 1691
0 0 0 0 0 0 0 0 0 0 0 0 0 0 0 0 0 0 0 0 0 0 0 0 0 0 0 0 0 0 1246 1261 1263 1257 1266 1359 1281 1285 1272 1254 1225 1218 1224 1243 1251 1234 1225 1207 1192 1300 1387 1380 1428 1305 1322 1398 1438 1325 1400 1418 1525 1440 1411 1487 1451 1427 1621 1695 1642 1450 1513 1664 1704 1528 1512 1462 1530 1453 1512 1486 1614 1481 1592 1498 1569 1680
0 0 0 0 0 0 0 0 0 0 0 0 0 0 0 0 0 0 0 0 0 0 0 0 0 0 0 0 0 0 0 1253 1267 1276 1271 1360 1295 1286 1273 1249 1219 1211 1221 1238 1233 1217 1213 1204 1201 1234 1243 1248 1320 1274 1293 1323 1369 1306 1457 1443 1353 1502 1465 1397 1431 1557 1474 1512 1549 1603 1653 1537 1641 1638 1564 1607 1578 1603 1673 1665 1710 1662 1436 1512 1483 1470
0 0 0 0 0 0 0 0 0 0 0 0 0 0 0 0 0 0 0 0 0 0 0 0 0 0 0 0 0 0 0 1239 1263 1279 1272 1317 1291 1279 1273 1259 1226 1218 1245 1265 1241 1211 1216 1220 1259 1324 1262 1243 1253 1292 1314 1314 1311 1296 1334 1344 1371 1578 1370 1425 1543 1435 1573 1547 1569 1663 1659 1571 1472 1612 1659 1593 1496 1474 1495 1496 1669 1564 1552 1690 1578 1454
0 0 0 0 0 0 0 0 0 0 0 0 0 0 0 0 0 0 0 0 0 0 0 0 0 0 0 0 0 0 0 1226 1256 1279 1281 1316 1297 1276 1322 1274 1254 1244 1262 1304 1282 1232 1211 1242 1316 1482 1489 1408 1296 1286 1315 1309 1303 1320 1330 1300 1417 1410 1320 1435 1534 1566 1488 1652 1700 1621 1548 1665 1528 1667 1682 1575 1531 1543 1582 1604 1474 1466 1652 1539 1445 1609
0 0 0 0 0 0 0 0 0 0 0 0 0 0 0 0 0 0 0 0 0 0 0 0 0 0 0 0 0 0 1229 1238 1263 1281 1280 1280 1280 1282 1285 1282 1272 1254 1276 1351 1457 1330 1240 1363 1298 1239 1499 1507 1259 1309 1308 1308 1300 1318 1331 1304 1340 1331 1415 1530 1520 1422 1521 1714 1674 1668 1528 1668 1651 1503 1520 1623 1673 1607 1644 1556 1577 1452 1581 1607 1634 1677
0 0 0 0 0 0 0 0 0 0 0 0 0 0 0 0 0 0 0 0 0 0 0 0 0 0 0 0 0 0 1227 1254 1273 1282 1280 1277 1278 1277 1278 1281 1293 1247 1258 1348 1501 1352 1259 1369 1492 1294 1467 1330 1299 1368 1386 1313 1320 1376 1336 1437 1373 1417 1621 1480 1660 1566 1602 1713 1574 1497 1494 1560 1596 1555 1550 1571 1614 1573 1541 1501 1633 1518 1605 1679 1687 1681
0 0 0 0 0 0 0 0 0 0 0 0 0 0 0 0 0 0 0 0 0 0 0 0 0 0 0 0 0 1211 1229 1257 1268 1278 1280 1275 1271 1277 1278 1282 1301 1258 1358 1308 1392 1310 1279 1338 1484 1318 1491 1474 1348 1479 1418 1300 1325 1476 1454 1376 1480 1618 1523 1592 1682 1701 1605 1710 1693 1684 1651 1457 1576 1568 1497 1506 1565 1651 1685 1624 1575 1554 1525 1569 1638 1502
