nb07xx_Applications/nb0731_Wind_Speed_Distribution/data/original/DWD/wind/weibull1981-2000_kdat_10m_BRD.asc
NCOLS 650
NROWS 880
XLLCORNER 3280000
YLLCORNER 5230000
CELLSIZE 1000
NODATA_VALUE 0
[rows 646 to 683 of 880, columns 344 to 429 of 650]
1463 1443 1428 1456 1399 1368 1401 1412 1397 1391 1330 1336 1357 1358 1385 1427 1353 1334 1345 1389 1389 1342 1313 1305 1311 1316 1295 1300 1307 1295 1306 1308 1324 1283 1287 1293 1298 1289 1288 1287 1291 1347 1332 1329 1336 1331 1364 1388 1406 1511 1353 1355 1359 1337 1306 1287 1312 1399 1517 1456 1481 1415 1388 1382 1444 1373 1385 1455 1455 1444 1464 1385 1434 1394 1414 1424 1406 1385 1436 1347 1318 1311 1296 1377 1410 1314
1416 1428 1469 1392 1486 1369 1368 1398 1402 1389 1368 1382 1348 1339 1351 1375 1367 1352 1368 1351 1443 1428 1438 1430 1407 1327 1290 1294 1316 1302 1306 1300 1287 1278 1282 1288 1300 1312 1329 1349 1351 1323 1319 1338 1354 1355 1364 1373 1388 1419 1397 1363 1363 1349 1321 1300 1386 1440 1452 1393 1381 1461 1500 1469 1501 1423 1420 1457 1381 1442 1425 1446 1415 1376 1432 1368 1371 1363 1383 1390 1385 1460 1340 1431 1425 1446
1364 1385 1428 1381 1495 1470 1394 1407 1415 1398 1382 1390 1385 1398 1358 1331 1336 1334 1329 1321 1403 1436 1349 1431 1424 1329 1298 1275 1313 1304 1296 1290 1282 1281 1294 1315 1313 1335 1362 1318 1334 1369 1320 1342 1358 1367 1369 1361 1372 1382 1380 1372 1424 1373 1349 1316 1311 1347 1378 1379 1319 1418 1508 1496 1435 1383 1370 1401 1394 1480 1421 1398 1456 1417 1453 1382 1379 1346 1330 1428 1362 1375 1358 1432 1342 1356
1430 1381 1357 1353 1398 1434 1448 1429 1431 1405 1393 1430 1438 1481 1392 1368 1367 1344 1300 1292 1310 1305 1307 1325 1403 1350 1311 1265 1292 1320 1312 1292 1281 1288 1317 1329 1311 1345 1332 1307 1290 1308 1326 1347 1361 1371 1377 1407 1376 1380 1374 1367 1388 1353 1342 1324 1317 1339 1449 1444 1346 1393 1438 1442 1395 1430 1376 1378 1451 1444 1406 1407 1457 1439 1394 1429 1363 1362 1307 1332 1366 1347 1341 1367 1368 1309
1386 1387 1354 1434 1380 1353 1372 1406 1376 1375 1369 1374 1380 1397 1392 1367 1353 1340 1318 1321 1330 1315 1311 1305 1402 1339 1318 1257 1286 1308 1306 1282 1278 1288 1301 1316 1347 1382 1340 1307 1307 1384 1333 1349 1372 1374 1393 1407 1385 1377 1372 1371 1407 1339 1330 1329 1338 1397 1488 1370 1385 1460 1452 1479 1445 1401 1375 1376 1478 1416 1369 1490 1398 1484 1407 1410 1381 1427 1376 1367 1354 1306 1299 1354 1385 1304
1438 1407 1398 1407 1371 1389 1400 1355 1345 1352 1364 1352 1350 1375 1381 1365 1366 1374 1356 1391 1377 1300 1294 1303 1287 1289 1282 1262 1261 1283 1306 1287 1280 1296 1380 1365 1348 1345 1353 1334 1324 1343 1317 1356 1382 1371 1377 1393 1386 1376 1380 1375 1452 1379 1335 1359 1483 1543 1443 1395 1356 1425 1407 1460 1452 1409 1410 1358 1438 1447 1367 1405 1445 1423 1456 1434 1437 1406 1445 1370 1324 1355 1293 1386 1367 1327
1498 1456 1411 1399 1388 1405 1372 1383 1369 1362 1409 1387 1382 1373 1379 1365 1354 1361 1328 1289 1302 1309 1321 1339 1312 1285 1299 1278 1311 1376 1324 1297 1283 1292 1388 1352 1355 1360 1346 1327 1335 1383 1345 1364 1421 1415 1415 1444 1400 1369 1403 1391 1361 1335 1328 1341 1446 1475 1422 1391 1330 1378 1399 1444 1416 1396 1436 1420 1405 1461 1351 1403 1449 1379 1464 1419 1465 1377 1423 1435 1363 1334 1316 1362 1360 1398
1425 1404 1395 1379 1364 1359 1404 1421 1406 1409 1370 1370 1374 1369 1366 1392 1359 1361 1377 1360 1389 1430 1401 1440 1393 1331 1271 1307 1346 1340 1333 1319 1293 1295 1330 1337 1344 1360 1396 1413 1388 1399 1367 1367 1377 1382 1392 1401 1383 1364 1387 1428 1356 1323 1313 1318 1346 1499 1489 1433 1364 1424 1447 1468 1405 1362 1413 1459 1361 1465 1403 1399 1364 1420 1540 1424 1398 1379 1410 1370 1309 1306 1332 1280 1341 1400
1423 1411 1386 1367 1386 1400 1392 1355 1341 1324 1360 1382 1377 1361 1369 1362 1362 1363 1348 1319 1316 1345 1355 1349 1361 1305 1268 1316 1381 1339 1314 1314 1298 1290 1322 1341 1350 1356 1364 1364 1379 1410 1377 1370 1371 1367 1365 1380 1368 1347 1357 1388 1352 1315 1322 1323 1297 1358 1404 1406 1375 1461 1430 1431 1413 1385 1372 1360 1354 1382 1386 1438 1363 1395 1443 1402 1415 1375 1371 1427 1390 1336 1357 1310 1345 1354
1416 1428 1408 1370 1358 1377 1385 1345 1368 1366 1377 1375 1375 1361 1348 1338 1341 1343 1319 1310 1310 1313 1336 1346 1337 1285 1290 1300 1311 1323 1303 1293 1287 1289 1322 1345 1356 1346 1313 1336 1368 1373 1363 1372 1372 1354 1351 1375 1376 1339 1341 1354 1347 1325 1332 1350 1428 1387 1376 1385 1356 1422 1401 1393 1414 1417 1386 1374 1452 1358 1356 1449 1348 1387 1435 1384 1386 1394 1365 1398 1412 1371 1327 1295 1284 1322
1401 1399 1378 1342 1337 1353 1340 1340 1344 1351 1393 1400 1373 1345 1319 1339 1402 1360 1323 1326 1321 1328 1353 1331 1312 1294 1326 1300 1299 1312 1313 1286 1276 1285 1340 1331 1309 1309 1312 1325 1350 1358 1340 1380 1380 1354 1349 1358 1365 1353 1342 1342 1339 1332 1334 1336 1380 1456 1488 1513 1387 1365 1391 1432 1411 1398 1382 1393 1385 1390 1404 1390 1376 1419 1440 1384 1374 1365 1353 1379 1493 1420 1371 1333 1403 1357
1400 1390 1359 1337 1405 1395 1421 1404 1454 1388 1358 1388 1427 1312 1415 1471 1533 1461 1360 1346 1353 1341 1325 1281 1312 1302 1292 1299 1297 1297 1294 1282 1274 1282 1305 1288 1322 1360 1349 1342 1338 1336 1342 1350 1367 1366 1367 1378 1419 1368 1351 1399 1355 1326 1322 1344 1439 1501 1374 1378 1352 1367 1418 1461 1415 1397 1385 1365 1392 1389 1365 1356 1377 1340 1359 1366 1373 1369 1347 1420 1497 1448 1448 1416 1443 1418
1394 1362 1334 1360 1385 1384 1329 1397 1377 1330 1455 1407 1299 1322 1323 1346 1406 1454 1370 1356 1413 1313 1265 1274 1346 1299 1300 1307 1331 1311 1287 1281 1274 1279 1294 1338 1383 1411 1379 1425 1392 1376 1357 1360 1366 1367 1371 1386 1369 1378 1434 1395 1419 1361 1308 1315 1346 1325 1410 1364 1359 1460 1457 1429 1458 1459 1378 1354 1372 1388 1380 1379 1349 1442 1358 1349 1337 1356 1327 1374 1445 1399 1393 1446 1452 1384
1380 1339 1322 1339 1368 1392 1425 1397 1318 1338 1414 1373 1363 1464 1436 1359 1302 1321 1321 1311 1289 1286 1296 1287 1302 1298 1309 1315 1312 1331 1321 1289 1280 1278 1291 1321 1284 1325 1381 1380 1383 1376 1357 1360 1369 1363 1359 1354 1358 1364 1364 1357 1368 1418 1320 1284 1269 1313 1417 1365 1368 1399 1424 1423 1480 1386 1471 1389 1407 1439 1376 1376 1445 1512 1392 1357 1345 1362 1332 1383 1413 1406 1384 1401 1393 1378
1386 1355 1331 1332 1355 1393 1440 1407 1358 1453 1479 1474 1467 1471 1402 1356 1377 1459 1379 1330 1312 1340 1331 1308 1316 1304 1301 1296 1313 1287 1285 1286 1280 1280 1298 1305 1303 1340 1344 1376 1373 1368 1360 1358 1356 1354 1354 1359 1359 1352 1351 1347 1344 1341 1331 1307 1317 1351 1411 1334 1474 1428 1423 1462 1388 1387 1400 1390 1428 1403 1367 1375 1433 1479 1363 1373 1368 1430 1315 1378 1399 1371 1349 1391 1427 1382
1385 1370 1388 1418 1380 1397 1402 1424 1451 1430 1364 1368 1379 1388 1418 1434 1428 1495 1405 1328 1304 1371 1335 1311 1307 1299 1318 1332 1311 1297 1291 1295 1288 1287 1304 1322 1322 1304 1332 1341 1359 1360 1358 1353 1348 1349 1358 1358 1419 1333 1321 1318 1322 1326 1319 1334 1478 1441 1365 1323 1398 1410 1396 1405 1378 1405 1408 1383 1380 1389 1405 1489 1438 1356 1364 1348 1376 1466 1325 1370 1386 1346 1327 1418 1367 1413
1388 1377 1381 1385 1385 1387 1388 1450 1458 1461 1507 1438 1421 1400 1354 1397 1395 1374 1445 1403 1367 1372 1300 1311 1291 1286 1292 1312 1362 1350 1361 1349 1299 1298 1310 1305 1356 1387 1349 1351 1353 1357 1355 1345 1343 1345 1353 1350 1383 1425 1446 1338 1313 1337 1291 1363 1504 1442 1422 1364 1425 1419 1391 1369 1350 1360 1454 1428 1386 1363 1371 1408 1401 1353 1373 1348 1342 1335 1311 1353 1370 1317 1327 1355 1341 1405
1391 1390 1392 1385 1383 1377 1353 1345 1341 1343 1387 1409 1389 1403 1391 1370 1372 1359 1425 1388 1396 1373 1295 1296 1336 1373 1387 1433 1454 1379 1334 1294 1323 1369 1330 1322 1357 1347 1342 1408 1388 1349 1420 1372 1344 1328 1346 1344 1322 1299 1368 1430 1432 1349 1273 1349 1469 1514 1506 1382 1380 1412 1495 1365 1341 1325 1341 1362 1377 1360 1425 1535 1441 1409 1419 1449 1376 1362 1332 1318 1345 1332 1425 1399 1334 1348
1380 1387 1391 1379 1373 1369 1344 1331 1327 1320 1333 1361 1367 1353 1348 1356 1360 1359 1357 1329 1312 1313 1302 1291 1307 1281 1300 1325 1340 1379 1337 1351 1428 1471 1335 1368 1355 1344 1343 1366 1393 1342 1390 1493 1335 1330 1355 1359 1357 1368 1445 1359 1290 1275 1296 1372 1429 1423 1415 1337 1372 1386 1416 1381 1385 1424 1307 1351 1380 1350 1438 1518 1412 1419 1468 1421 1417 1360 1349 1324 1293 1377 1507 1469 1357 1298
1375 1377 1385 1375 1348 1340 1350 1348 1346 1338 1345 1360 1360 1364 1396 1425 1364 1360 1372 1338 1296 1315 1314 1332 1403 1367 1375 1375 1441 1515 1440 1415 1475 1422 1372 1396 1414 1433 1455 1389 1412 1350 1345 1472 1304 1343 1446 1472 1453 1445 1496 1474 1375 1303 1289 1373 1405 1402 1371 1307 1435 1400 1382 1391 1392 1329 1312 1438 1373 1356 1463 1499 1412 1385 1399 1398 1456 1401 1361 1333 1287 1339 1463 1485 1360 1328
1378 1375 1377 1371 1344 1358 1448 1385 1381 1406 1398 1412 1371 1358 1357 1358 1344 1400 1414 1317 1296 1326 1367 1325 1332 1328 1375 1435 1485 1534 1483 1409 1368 1356 1346 1341 1356 1366 1369 1351 1384 1348 1314 1364 1306 1377 1433 1555 1458 1398 1408 1388 1365 1337 1285 1361 1396 1441 1404 1385 1310 1349 1390 1408 1379 1319 1380 1426 1341 1342 1377 1370 1425 1359 1502 1414 1454 1459 1378 1372 1324 1287 1398 1409 1325 1386
1378 1370 1373 1371 1364 1382 1423 1408 1395 1419 1370 1416 1439 1394 1354 1377 1338 1318 1303 1303 1297 1311 1431 1419 1390 1383 1419 1406 1407 1401 1388 1371 1349 1370 1365 1357 1321 1326 1391 1328 1433 1488 1361 1298 1345 1451 1515 1487 1395 1368 1393 1427 1442 1344 1277 1337 1397 1450 1435 1415 1397 1316 1339 1388 1399 1370 1317 1361 1316 1368 1377 1373 1361 1363 1422 1382 1391 1468 1479 1372 1315 1284 1341 1399 1383 1331
1373 1365 1369 1377 1378 1384 1397 1405 1389 1391 1414 1405 1441 1412 1361 1338 1406 1396 1372 1367 1329 1376 1340 1340 1364 1395 1396 1389 1390 1389 1420 1345 1327 1438 1446 1343 1351 1320 1325 1310 1354 1373 1387 1300 1319 1431 1532 1471 1389 1371 1376 1402 1411 1397 1335 1273 1338 1373 1412 1414 1396 1368 1289 1376 1395 1396 1439 1277 1310 1328 1364 1407 1359 1353 1393 1394 1401 1423 1404 1424 1346 1314 1299 1327 1343 1295
1374 1437 1384 1381 1386 1384 1379 1380 1375 1392 1479 1513 1428 1401 1429 1439 1402 1353 1328 1314 1341 1405 1421 1437 1382 1385 1371 1378 1383 1400 1457 1386 1330 1420 1517 1457 1417 1332 1389 1351 1322 1317 1326 1294 1399 1476 1414 1509 1473 1370 1391 1393 1371 1392 1329 1254 1354 1378 1390 1390 1390 1442 1344 1366 1406 1378 1475 1333 1400 1360 1360 1362 1339 1340 1382 1387 1394 1390 1396 1384 1338 1367 1352 1338 1297 1324
1374 1386 1385 1380 1385 1388 1385 1379 1376 1383 1395 1413 1411 1403 1396 1489 1461 1442 1374 1333 1380 1420 1389 1395 1357 1359 1377 1409 1434 1436 1435 1430 1406 1428 1466 1489 1492 1470 1468 1416 1376 1344 1351 1301 1311 1321 1397 1468 1517 1353 1382 1455 1360 1386 1409 1270 1309 1402 1398 1376 1378 1398 1425 1329 1300 1358 1410 1326 1359 1400 1424 1356 1321 1315 1341 1366 1377 1390 1376 1385 1375 1462 1398 1347 1360 1386
1399 1391 1418 1441 1427 1390 1385 1378 1376 1371 1381 1397 1401 1390 1396 1473 1452 1378 1351 1310 1369 1430 1368 1338 1355 1349 1418 1563 1546 1403 1478 1417 1441 1448 1446 1458 1460 1479 1516 1514 1443 1491 1388 1383 1350 1313 1312 1397 1381 1355 1413 1431 1375 1304 1281 1261 1317 1457 1489 1452 1447 1402 1433 1400 1393 1311 1338 1301 1379 1373 1370 1344 1365 1327 1312 1328 1337 1367 1369 1357 1361 1393 1495 1466 1360 1340
1404 1408 1420 1398 1389 1394 1379 1367 1373 1374 1381 1381 1383 1387 1389 1398 1397 1383 1346 1303 1358 1355 1334 1393 1466 1367 1454 1583 1503 1428 1396 1378 1433 1441 1439 1449 1446 1444 1444 1437 1420 1428 1476 1429 1422 1393 1305 1347 1289 1434 1368 1409 1408 1432 1372 1327 1281 1412 1377 1383 1415 1462 1420 1427 1399 1327 1289 1334 1370 1368 1351 1346 1370 1326 1308 1332 1330 1373 1356 1373 1370 1359 1436 1416 1465 1383
1399 1403 1404 1396 1394 1396 1374 1366 1375 1374 1374 1374 1388 1398 1381 1400 1379 1376 1348 1323 1318 1343 1430 1474 1475 1490 1509 1504 1480 1441 1410 1399 1397 1423 1434 1451 1437 1437 1435 1426 1411 1410 1425 1420 1410 1390 1362 1294 1260 1281 1305 1360 1387 1421 1385 1347 1242 1261 1294 1305 1275 1301 1309 1304 1279 1246 1342 1426 1342 1338 1342 1355 1356 1337 1322 1330 1315 1327 1353 1377 1367 1343 1349 1386 1412 1279
1392 1495 1497 1417 1385 1432 1387 1376 1376 1371 1372 1372 1371 1374 1399 1464 1377 1378 1369 1328 1296 1308 1413 1380 1359 1405 1468 1471 1460 1442 1445 1450 1413 1389 1410 1442 1432 1434 1419 1411 1410 1385 1416 1386 1366 1343 1370 1402 1335 1333 1405 1326 1362 1354 1370 1297 1264 1262 1433 1429 1382 1419 1386 1266 1239 1252 1365 1303 1352 1370 1342 1356 1351 1328 1323 1327 1346 1362 1376 1383 1366 1328 1288 1292 1260 1231
1392 1472 1525 1528 1516 1446 1412 1382 1372 1367 1372 1372 1365 1366 1375 1390 1376 1369 1360 1326 1298 1321 1396 1450 1506 1455 1435 1441 1432 1456 1437 1444 1436 1392 1372 1407 1427 1461 1435 1384 1367 1359 1433 1435 1407 1394 1379 1297 1359 1262 1359 1377 1386 1364 1302 1261 1270 1268 1258 1261 1265 1362 1388 1241 1348 1268 1271 1266 1357 1346 1381 1403 1365 1398 1436 1403 1436 1417 1428 1439 1354 1399 1331 1309 1349 1240
1380 1450 1416 1459 1488 1375 1369 1354 1365 1366 1368 1368 1362 1355 1366 1365 1365 1360 1353 1339 1327 1303 1398 1453 1498 1385 1386 1395 1425 1427 1406 1426 1441 1466 1419 1364 1422 1407 1408 1410 1400 1355 1427 1381 1385 1388 1491 1315 1241 1345 1370 1388 1346 1287 1254 1261 1367 1359 1439 1360 1322 1278 1256 1338 1451 1468 1346 1267 1385 1414 1359 1365 1363 1419 1450 1335 1379 1379 1384 1395 1463 1376 1332 1420 1273 1297
1400 1485 1403 1423 1558 1555 1398 1357 1396 1374 1353 1353 1362 1365 1435 1392 1411 1365 1357 1374 1475 1349 1366 1458 1436 1401 1360 1358 1398 1406 1381 1409 1422 1423 1462 1403 1363 1384 1396 1385 1396 1334 1448 1378 1332 1340 1457 1343 1272 1351 1338 1362 1381 1411 1287 1314 1463 1417 1434 1448 1419 1351 1356 1416 1403 1389 1450 1326 1254 1367 1404 1321 1328 1429 1411 1353 1440 1330 1336 1362 1405 1357 1362 1393 1298 1306
1386 1394 1434 1376 1462 1524 1453 1446 1520 1382 1330 1341 1356 1362 1361 1373 1382 1369 1367 1461 1451 1371 1363 1408 1383 1358 1332 1352 1365 1364 1370 1397 1435 1427 1423 1411 1361 1338 1341 1354 1429 1302 1379 1451 1288 1324 1469 1425 1301 1307 1267 1294 1262 1288 1267 1389 1391 1397 1402 1421 1424 1383 1351 1389 1402 1381 1358 1307 1241 1337 1372 1248 1229 1352 1422 1331 1382 1304 1319 1321 1338 1357 1333 1440 1373 1295
1572 1472 1379 1415 1493 1498 1429 1445 1530 1428 1444 1384 1369 1342 1368 1377 1370 1364 1359 1350 1367 1382 1356 1393 1365 1406 1317 1361 1340 1338 1409 1360 1396 1413 1414 1416 1442 1396 1403 1386 1345 1414 1286 1283 1265 1319 1383 1413 1332 1317 1267 1422 1419 1301 1319 1424 1374 1386 1406 1378 1378 1369 1371 1382 1436 1387 1383 1296 1247 1243 1270 1273 1290 1299 1387 1282 1314 1325 1287 1309 1306 1303 1322 1407 1297 1285
1435 1459 1384 1428 1531 1427 1496 1393 1471 1489 1387 1433 1420 1346 1306 1383 1367 1359 1354 1376 1391 1391 1362 1378 1350 1382 1326 1352 1371 1378 1346 1349 1354 1371 1401 1423 1436 1389 1397 1407 1357 1293 1279 1372 1363 1262 1284 1255 1276 1400 1284 1298 1362 1446 1361 1383 1355 1357 1378 1346 1348 1353 1405 1361 1345 1332 1380 1289 1340 1276 1278 1382 1233 1372 1410 1287 1347 1360 1323 1280 1293 1310 1377 1376 1300 1288
1398 1389 1389 1408 1457 1389 1458 1475 1376 1400 1412 1447 1366 1319 1353 1321 1326 1421 1385 1469 1375 1312 1349 1394 1346 1336 1319 1371 1372 1352 1365 1409 1381 1364 1383 1406 1420 1417 1434 1374 1308 1334 1316 1454 1368 1374 1376 1334 1425 1373 1346 1243 1350 1369 1389 1353 1345 1337 1331 1344 1343 1327 1366 1358 1331 1328 1269 1273 1344 1321 1319 1305 1224 1281 1305 1296 1351 1402 1347 1277 1344 1308 1377 1467 1347 1339
1445 1441 1356 1426 1450 1408 1501 1477 1467 1412 1364 1423 1377 1433 1464 1340 1323 1404 1333 1351 1451 1382 1446 1510 1384 1471 1329 1365 1376 1366 1380 1379 1357 1350 1366 1391 1399 1408 1409 1387 1376 1399 1355 1384 1362 1353 1401 1474 1468 1291 1345 1230 1353 1354 1378 1360 1365 1349 1345 1361 1388 1346 1369 1333 1309 1303 1288 1388 1342 1372 1318 1321 1259 1305 1287 1286 1283 1329 1297 1271 1418 1323 1265 1363 1254 1271
1415 1382 1368 1443 1365 1438 1470 1438 1491 1575 1521 1433 1396 1497 1354 1284 1277 1310 1400 1485 1443 1433 1453 1433 1407 1393 1385 1350 1368 1370 1352 1344 1351 1385 1382 1393 1441 1404 1396 1386 1398 1340 1351 1424 1458 1377 1384 1399 1396 1286 1258 1230 1329 1438 1366 1381 1399 1386 1394 1436 1418 1370 1404 1405 1380 1334 1329 1339 1310 1288 1378 1252 1230 1292 1353 1339 1282 1219 1220 1229 1411 1323 1254 1264 1306 1322
