nb07xx_Applications/nb0731_Wind_Speed_Distribution/data/original/DWD/wind/weibull1981-2000_cdat_10m_BRD.asc
NCOLS 650
NROWS 880
XLLCORNER 3280000
YLLCORNER 5230000
CELLSIZE 1000
NODATA_VALUE 0
[rows 448 to 503 of 880, columns 192 to 287 of 650]
36 47 43 42 41 41 33 32 37 36 34 34 33 28 38 43 36 37 39 46 43 36 44 49 51 37 34 36 38 36 34 32 34 36 36 34 40 45 39 39 37 34 31 32 35 32 39 40 40 42 42 41 40 40 39 41 41 40 41 37 41 38 39 36 37 37 35 34 45 42 34 38 31 38 38 38 32 34 36 33 36 35 38 32 32 41 41 40 42 40 42 36 40 33 29 36
42 34 34 41 37 38 32 29 33 41 32 36 34 34 33 36 42 43 42 47 44 40 45 49 44 36 36 45 42 41 39 38 38 31 33 36 35 36 37 30 38 34 34 36 34 35 39 39 40 42 42 41 41 40 38 35 35 41 40 37 39 37 40 42 41 32 28 31 37 39 37 35 36 36 37 36 34 39 42 42 35 41 37 40 37 39 44 38 38 43 44 40 36 30 32 38
35 41 31 35 35 36 33 35 31 41 36 36 34 36 29 37 43 43 43 45 47 41 40 39 39 35 36 38 39 43 40 31 36 40 38 33 33 37 33 32 35 35 35 35 35 35 37 39 39 40 41 40 40 40 37 37 40 43 39 40 39 39 40 43 36 32 31 29 30 32 31 34 39 35 33 30 35 37 36 38 36 40 36 43 35 36 43 43 42 38 43 41 36 33 35 41
37 36 33 33 32 33 32 31 35 34 38 40 32 29 32 38 41 43 42 45 48 43 44 44 33 41 40 49 47 39 41 40 34 49 43 38 34 37 31 35 37 34 32 27 31 35 37 38 38 40 40 40 40 42 35 39 42 50 40 42 42 38 40 38 33 40 35 29 36 32 31 34 34 40 39 32 40 36 38 33 35 34 38 39 38 39 37 41 39 37 38 37 37 43 41 42
34 32 35 32 40 35 34 30 38 39 37 39 35 36 35 41 42 42 43 42 44 43 39 41 32 39 35 43 35 36 38 35 33 42 36 33 31 36 30 31 33 32 40 36 37 37 38 35 35 39 40 41 38 44 36 34 38 39 42 42 41 39 35 35 37 42 35 28 37 30 40 32 33 37 34 35 40 33 35 38 37 34 39 42 31 28 35 37 38 37 44 39 35 44 45 39
39 32 34 34 38 36 39 39 40 45 38 36 41 42 39 40 40 40 42 44 44 44 42 44 35 38 33 34 32 35 43 40 34 32 31 31 30 29 33 38 40 34 40 42 38 39 39 37 35 38 41 42 41 43 35 38 36 43 42 40 44 40 38 43 34 39 41 44 30 31 41 35 39 35 34 38 40 32 37 39 31 34 37 35 35 31 36 40 32 39 39 37 37 35 39 40
34 31 32 39 37 39 37 42 40 39 38 37 38 41 38 33 42 46 44 35 32 37 43 42 38 39 32 33 37 42 41 37 37 31 37 36 41 38 32 35 38 37 33 40 40 40 40 38 38 38 40 40 40 41 36 38 33 33 36 39 43 39 37 35 34 32 34 32 28 38 37 35 39 39 37 34 38 34 33 41 39 35 36 38 30 36 33 37 31 34 39 37 43 35 36 37
41 39 31 35 37 37 38 36 37 38 43 34 35 39 35 32 34 37 38 37 33 36 36 38 41 42 35 36 41 49 36 43 38 39 43 42 36 32 33 38 44 38 36 40 39 39 40 38 40 37 37 36 37 38 34 35 32 31 35 42 46 40 37 36 36 35 43 39 30 34 36 35 33 40 40 33 35 35 29 35 38 36 35 41 32 38 33 37 37 34 42 37 40 34 37 37
36 37 34 37 36 36 39 37 39 40 39 37 34 33 32 37 34 36 37 38 36 36 37 39 39 43 39 41 40 41 35 36 39 47 44 34 32 32 36 39 38 37 33 39 38 38 40 39 39 35 38 37 37 37 37 40 39 37 34 32 38 38 36 35 38 33 43 35 28 30 32 28 33 36 38 32 32 33 39 37 33 33 32 38 37 33 40 39 38 42 45 42 38 30 32 39
50 40 40 44 42 40 42 37 39 41 37 34 32 29 34 31 31 34 32 37 34 36 32 36 37 46 39 36 43 38 32 32 38 47 36 35 36 37 38 36 40 39 34 35 37 39 40 40 38 32 35 37 37 36 36 40 41 39 39 38 32 33 36 36 35 32 38 38 34 29 35 26 34 32 39 33 30 30 30 34 33 39 36 42 41 35 37 39 42 36 43 46 35 28 32 37
47 40 37 43 41 43 35 41 38 37 34 33 33 31 30 30 31 35 33 34 30 32 35 36 36 43 40 39 36 31 34 33 34 39 35 37 36 34 33 32 39 35 35 40 38 39 40 40 38 39 38 37 36 39 39 36 35 34 33 42 33 31 32 38 34 34 33 30 36 38 36 30 29 34 35 32 36 38 31 26 32 36 36 39 38 35 36 41 36 44 47 44 35 29 34 38
32 36 34 38 37 39 34 43 42 36 29 29 32 38 36 34 33 33 35 40 36 32 31 41 39 37 38 38 32 37 45 39 31 32 29 30 37 35 39 30 36 35 32 38 37 37 37 35 38 38 36 38 40 39 39 36 34 34 37 41 40 36 37 37 31 30 35 35 33 42 37 32 36 34 32 31 36 36 40 31 30 31 36 36 33 39 34 43 47 38 38 34 29 31 31 30
34 41 39 42 39 39 38 42 43 32 34 34 31 35 32 31 33 32 36 40 37 35 31 31 35 36 36 38 32 33 38 35 35 35 38 34 31 34 38 37 32 31 31 37 35 35 33 30 38 43 34 37 39 35 38 37 43 38 35 45 38 35 45 32 38 33 32 38 34 37 39 32 43 36 35 32 31 30 27 30 33 31 35 32 29 34 39 39 37 39 36 35 35 32 29 34
38 38 39 40 40 38 35 40 39 33 32 32 28 35 29 28 27 32 35 38 35 34 33 33 42 38 36 36 38 31 33 38 36 41 43 33 33 34 32 38 41 36 32 34 32 33 32 33 38 40 35 37 39 34 38 39 37 42 36 36 35 30 30 32 37 35 37 39 36 39 32 29 36 32 36 36 35 28 30 34 37 35 32 29 29 34 38 30 34 41 38 29 29 31 27 29
39 32 33 40 44 44 44 39 32 28 31 36 29 36 32 31 34 32 36 38 35 35 35 38 45 39 40 45 40 39 38 42 40 41 39 34 31 32 32 32 36 33 34 40 33 34 33 34 38 41 37 39 40 38 37 39 43 38 35 42 44 32 32 32 30 39 38 33 33 33 33 37 32 34 37 30 33 30 34 30 29 32 31 30 34 38 35 34 34 34 33 27 38 31 28 28
40 33 33 35 42 49 48 39 34 29 29 29 30 30 31 31 31 31 32 32 31 31 38 35 42 37 36 38 39 36 36 40 39 40 37 33 33 34 30 36 39 38 36 34 35 36 33 36 38 39 37 32 31 32 37 38 40 37 34 39 44 38 34 41 34 30 32 36 36 32 35 36 37 33 41 29 30 38 31 27 33 35 36 31 34 33 33 32 35 33 31 32 38 35 33 32
48 40 31 32 36 46 45 37 35 38 35 32 32 31 29 28 27 30 33 33 35 30 33 37 38 35 40 38 36 32 32 39 38 39 40 31 33 30 29 29 38 42 35 37 38 37 35 37 39 39 35 34 32 36 42 34 34 36 42 43 45 36 37 29 35 33 33 40 32 32 29 29 31 33 30 34 33 33 35 33 36 34 31 35 39 33 37 34 34 32 26 26 29 33 36 38
45 41 38 35 36 42 42 39 44 38 40 40 36 29 31 34 31 29 31 32 30 28 33 38 34 38 34 36 33 34 39 40 44 43 36 36 37 33 33 34 35 36 37 34 39 39 38 35 39 40 38 37 33 41 38 33 36 38 47 45 36 37 35 38 36 34 41 37 31 36 34 29 35 30 34 31 34 37 38 39 35 34 31 34 38 35 29 30 36 33 28 28 32 32 31 32
33 36 38 39 39 37 41 42 48 40 41 39 37 31 38 33 32 33 35 35 32 36 35 37 34 39 39 34 36 37 38 36 38 42 40 32 30 29 29 33 33 37 37 33 38 40 37 35 38 41 41 43 36 46 48 42 37 43 43 41 48 46 36 39 33 36 43 39 40 33 35 34 33 32 35 35 32 35 41 42 36 33 35 35 37 33 31 27 35 33 27 30 35 37 37 34
32 30 33 37 43 39 38 38 43 39 39 41 38 30 31 35 34 29 37 40 35 37 41 40 37 41 38 35 39 34 34 33 33 34 39 38 33 32 40 41 34 31 31 34 37 36 36 38 37 36 36 38 38 44 42 43 43 53 52 43 42 37 36 38 40 35 35 34 36 34 36 38 30 29 30 31 34 33 36 43 35 32 37 34 31 26 29 28 32 35 31 36 30 35 35 32
31 36 35 38 36 36 35 38 35 36 41 40 34 36 30 35 31 34 36 41 39 37 38 37 35 39 41 34 33 30 31 30 32 31 31 36 41 36 37 39 33 34 37 39 37 38 39 39 37 37 37 36 38 35 32 32 42 47 46 42 43 34 42 41 38 42 42 38 35 33 36 40 40 35 35 36 36 33 29 32 31 32 39 31 29 28 31 31 30 33 37 32 28 36 31 27
41 35 36 41 38 37 36 37 36 34 42 39 35 35 32 34 33 38 34 36 38 41 45 44 36 40 43 34 35 31 29 32 30 30 31 36 38 37 37 34 42 41 41 41 40 40 40 36 36 34 30 28 29 31 35 43 48 45 46 46 40 35 37 38 45 44 34 30 33 31 31 31 35 40 41 34 33 36 30 36 29 29 36 34 27 31 35 37 41 37 36 36 29 35 33 28
40 41 39 40 38 37 37 36 41 40 40 39 34 33 37 37 38 38 36 35 35 37 43 41 34 35 32 30 31 35 31 31 29 30 33 36 40 41 34 37 43 43 43 43 42 40 40 40 37 37 39 38 36 37 36 35 44 47 51 41 43 46 44 47 56 41 32 40 32 32 35 33 31 32 34 33 34 35 33 29 32 39 33 32 26 28 30 37 38 34 32 31 28 29 31 31
39 40 32 33 37 40 37 38 42 44 42 35 40 41 38 38 36 42 39 39 32 31 35 34 35 37 40 34 34 40 33 32 32 35 39 38 34 35 38 44 43 40 41 43 42 40 39 39 42 39 37 37 39 33 31 41 46 48 51 46 38 38 47 51 46 32 37 36 35 30 35 29 30 36 31 31 28 34 34 31 32 34 31 32 31 36 40 38 38 43 35 38 37 30 26 35
35 44 33 38 45 40 37 40 42 40 37 33 33 37 36 38 44 43 40 43 39 33 32 32 42 36 38 39 38 37 35 35 38 36 36 38 38 33 35 40 38 37 38 40 38 41 40 39 37 36 36 34 33 37 43 37 47 50 41 34 37 44 46 44 40 33 36 32 35 32 38 39 36 34 27 30 29 25 24 29 37 33 31 30 40 37 29 37 45 41 34 36 36 36 34 30
34 32 33 40 44 39 39 37 35 35 36 38 41 34 33 38 41 39 41 42 37 36 33 31 37 32 34 41 42 42 41 40 42 36 40 41 36 34 31 34 35 39 41 40 39 42 41 37 39 41 39 39 34 39 40 37 42 43 40 36 35 38 43 42 42 38 35 40 35 37 36 37 30 28 32 32 35 28 25 29 34 35 33 30 28 28 38 39 44 40 35 35 35 38 35 31
32 41 31 33 36 35 33 34 43 44 41 39 36 28 32 37 37 40 39 40 36 37 38 29 36 32 34 42 44 42 42 42 43 39 41 37 30 35 32 32 33 37 38 35 39 41 43 39 33 37 36 38 37 35 38 36 40 42 36 36 36 32 34 33 31 32 32 35 36 36 35 29 31 28 36 35 29 32 30 35 36 39 36 28 33 32 38 40 36 37 37 38 34 40 39 30
41 37 36 32 32 30 35 34 37 31 30 27 27 30 36 34 37 38 39 39 37 38 36 36 40 41 35 42 44 39 41 40 36 38 38 33 32 35 36 35 32 30 33 35 35 38 44 42 35 39 37 34 36 34 36 35 38 36 34 30 33 39 34 33 36 36 36 38 30 37 36 26 27 36 35 32 30 38 31 36 37 34 36 31 37 40 32 43 40 39 41 34 32 38 33 35
42 41 39 32 39 39 34 35 32 35 28 25 32 33 32 33 37 39 39 40 40 40 36 36 41 39 37 40 36 33 36 35 32 32 33 37 35 36 39 34 32 29 32 31 30 38 39 36 37 39 37 36 38 36 38 41 38 39 44 33 36 35 36 38 34 36 36 34 30 35 31 30 33 33 35 31 35 35 30 33 35 38 42 37 37 42 40 38 44 43 43 36 37 35 35 34
34 41 40 36 40 37 35 38 35 36 37 28 29 35 36 33 40 38 39 40 41 41 36 35 38 37 36 32 27 30 31 30 29 29 33 39 37 38 40 39 33 33 30 28 32 37 38 34 35 39 35 37 39 39 36 34 31 37 43 42 35 32 31 40 38 35 33 37 32 36 36 29 30 33 34 31 36 37 35 33 41 42 40 38 38 41 42 37 40 42 41 32 34 37 38 35
33 39 43 36 36 37 35 39 40 34 30 27 26 34 36 33 37 40 39 40 41 41 39 38 39 36 30 30 29 28 29 31 30 29 31 35 40 43 48 45 36 32 35 30 35 38 35 34 34 32 33 30 34 39 40 34 38 38 43 40 33 28 36 33 32 31 40 40 34 36 41 41 38 32 33 33 37 37 35 30 38 35 33 36 41 41 38 35 37 38 38 41 40 41 37 32
38 35 38 40 41 31 34 39 36 44 36 27 24 30 32 34 39 42 41 41 41 42 42 41 38 33 28 35 32 28 28 29 28 26 28 33 39 44 49 44 35 37 36 34 32 31 33 31 35 32 33 34 30 35 40 35 39 35 35 33 31 36 33 35 31 33 40 37 38 33 39 37 32 34 37 37 32 37 39 31 33 34 40 39 43 41 42 37 43 42 40 39 35 37 37 39
39 42 38 33 31 33 30 32 38 40 33 27 28 32 31 33 40 42 43 44 41 42 44 38 34 34 33 33 34 32 29 26 27 30 31 33 36 40 46 41 33 35 39 35 32 34 35 35 31 35 37 30 28 32 32 33 34 30 33 38 43 32 32 36 30 29 32 38 38 36 32 30 34 37 35 36 35 39 32 32 34 30 40 40 42 45 39 40 46 42 39 38 41 42 44 34
36 42 41 37 37 36 32 38 35 37 30 28 31 28 35 34 40 42 44 44 42 42 44 37 38 38 38 36 33 31 31 32 31 33 35 34 33 33 36 36 34 33 39 37 40 39 43 35 38 37 36 35 33 36 34 33 32 34 30 38 42 47 33 34 35 36 36 41 43 42 33 35 37 42 40 35 42 37 34 36 37 27 39 41 39 39 38 43 41 43 51 45 40 37 44 33
37 33 39 38 37 33 31 36 31 38 28 28 28 32 37 35 39 42 43 43 42 42 42 42 41 41 40 38 33 29 27 31 35 36 36 40 35 32 32 40 38 32 33 41 43 42 39 37 39 42 40 35 35 38 44 33 30 30 33 32 33 34 35 33 34 38 36 38 36 36 33 41 40 42 38 40 40 33 36 30 37 32 30 37 36 40 42 44 38 39 44 44 37 34 38 35
40 34 33 36 34 38 33 32 34 38 28 29 28 30 37 39 42 42 42 42 40 40 40 41 41 39 39 37 32 31 32 32 35 36 35 38 35 35 35 39 39 39 34 41 41 40 40 39 36 39 38 36 36 35 41 32 35 40 35 31 38 36 35 33 32 37 33 32 32 32 34 40 38 42 37 41 32 32 38 39 35 31 32 37 36 42 43 43 38 35 39 41 42 42 32 37
36 38 35 39 37 38 37 37 36 39 32 36 36 35 38 41 42 40 39 38 37 38 38 40 41 40 39 38 35 37 41 38 36 38 40 35 39 40 39 40 40 39 36 41 39 38 42 37 33 38 38 35 40 36 35 38 42 46 35 37 43 35 37 39 33 31 36 40 36 34 37 41 37 39 37 35 31 37 37 42 36 37 37 33 38 39 40 45 45 37 36 34 36 36 32 36
38 41 38 39 36 36 35 39 39 37 31 33 35 39 39 41 41 39 36 32 34 33 33 36 40 41 41 42 41 42 44 42 39 38 37 37 38 36 41 41 40 40 38 41 39 41 38 31 31 38 34 35 35 34 33 32 38 39 37 34 37 37 36 33 33 35 32 31 32 36 38 36 33 37 40 35 32 48 43 41 41 42 42 38 39 39 34 41 43 38 31 33 34 35 38 33
34 39 36 37 32 35 37 38 40 33 38 32 28 33 39 42 41 40 36 29 32 33 30 32 38 40 40 46 47 47 44 41 37 33 29 31 35 32 35 39 41 39 40 41 41 40 34 27 35 41 38 31 30 34 32 31 30 31 37 41 38 34 35 35 33 33 30 31 33 32 34 35 33 33 33 34 30 41 35 40 42 43 40 34 41 41 33 36 38 35 40 40 35 32 38 34
32 32 33 39 39 37 38 39 38 33 35 30 33 35 39 40 40 39 37 36 28 34 33 32 35 38 35 38 39 43 44 43 36 33 31 27 30 32 32 33 40 41 38 40 39 40 34 33 36 38 36 35 30 30 32 34 33 32 34 35 35 31 35 38 33 33 30 30 35 34 33 30 36 38 30 29 33 29 40 40 39 40 39 37 39 42 36 35 34 43 39 33 34 39 41 34
35 36 32 35 35 38 39 40 35 35 35 36 40 36 38 40 40 39 37 39 31 27 36 40 36 37 36 31 34 39 43 38 38 37 30 28 29 28 29 32 36 37 37 38 39 34 35 35 34 37 40 40 32 32 30 30 35 36 36 38 36 30 30 28 26 26 29 30 33 32 37 36 33 36 32 35 35 31 38 39 36 40 40 40 41 35 42 33 31 39 43 36 40 41 41 33
35 41 36 33 39 38 40 38 37 39 39 38 38 38 40 38 37 36 34 33 36 31 32 39 41 39 31 31 27 29 32 36 40 40 35 34 34 35 33 30 33 33 40 35 38 30 33 36 30 36 41 39 40 34 36 30 32 35 40 38 33 32 30 29 30 32 32 40 39 33 36 41 35 38 42 38 27 31 31 33 38 41 36 36 38 34 38 46 36 36 36 36 42 43 37 33
33 37 37 31 34 37 38 36 38 36 32 32 36 41 39 33 37 33 34 31 32 34 35 36 38 35 34 36 32 34 29 36 40 40 40 37 33 32 32 32 31 31 40 36 36 29 30 39 32 37 43 41 44 44 35 27 30 37 35 31 37 35 30 33 28 27 30 33 33 30 38 41 36 37 38 39 35 37 35 36 41 39 36 40 39 36 40 36 33 33 35 40 45 39 33 34
34 31 31 28 34 30 32 32 33 33 34 33 34 38 39 38 41 39 34 33 32 36 40 36 34 32 38 39 38 42 34 33 40 37 35 35 33 38 31 31 29 34 36 38 35 33 30 36 35 35 39 41 44 44 37 33 29 28 31 28 29 28 29 35 27 26 27 33 39 32 33 35 36 35 35 32 33 37 39 33 36 36 39 42 38 36 36 35 33 41 35 40 44 35 35 33
36 30 37 30 32 36 37 35 35 35 33 36 30 39 41 37 40 39 34 32 34 39 41 42 36 34 36 37 38 40 41 34 35 41 34 35 34 29 33 32 28 33 32 40 40 38 36 37 42 37 38 39 44 43 35 33 31 31 29 29 32 39 34 32 30 31 35 40 38 34 32 38 30 31 38 32 34 35 34 33 31 34 38 40 37 39 39 35 35 42 34 35 37 35 40 32
33 29 33 33 29 30 35 33 35 33 31 35 35 36 36 36 37 40 37 36 34 34 37 40 42 40 37 34 42 41 37 40 40 37 40 36 39 32 28 31 28 30 32 39 42 40 41 41 36 36 37 38 44 42 39 37 40 38 35 30 30 34 33 29 27 31 37 37 30 31 31 40 35 34 30 37 38 32 36 35 36 33 33 33 39 41 40 37 32 37 35 39 44 37 40 40
35 33 31 32 34 34 34 32 35 41 41 31 34 39 33 31 33 37 35 36 37 36 34 35 39 42 39 37 43 40 35 38 39 35 37 40 33 31 33 40 31 34 34 38 41 42 43 37 38 37 36 35 41 40 40 40 44 44 38 28 31 31 33 28 30 36 37 30 29 39 29 33 30 29 36 39 39 40 38 35 40 34 30 37 43 41 41 41 36 42 45 38 41 36 40 35
33 34 30 26 35 34 36 34 37 40 36 35 34 35 37 38 34 39 36 36 36 35 29 33 36 39 39 38 38 34 34 32 35 37 39 36 36 38 32 41 39 38 41 41 39 43 43 36 43 39 38 37 44 43 38 38 42 43 38 31 35 36 31 30 36 36 33 30 30 39 36 30 33 33 31 37 40 40 39 38 41 33 34 37 38 38 40 45 38 38 41 37 37 39 40 35
33 32 34 27 30 32 35 30 36 34 35 38 38 36 36 32 31 38 38 43 36 34 34 31 33 36 37 33 33 37 37 35 32 33 38 35 38 38 37 41 43 39 40 39 39 44 39 36 44 35 33 40 43 45 40 37 39 41 37 29 31 31 31 33 34 32 33 35 39 38 32 35 27 33 30 32 34 34 31 32 39 34 37 32 35 39 41 44 36 38 44 41 40 41 37 41
33 29 31 32 29 33 33 30 32 33 36 35 35 35 35 32 30 34 39 42 37 36 33 32 33 33 34 40 39 38 33 36 33 35 34 29 36 38 38 41 35 37 42 42 38 36 39 33 35 33 36 38 42 40 36 33 32 37 36 37 41 31 35 36 32 35 36 38 37 34 34 37 30 28 31 31 36 32 30 31 32 32 36 36 32 37 41 45 38 38 39 45 46 40 35 39
34 30 31 35 36 34 30 33 34 35 33 30 32 34 35 34 32 31 30 33 33 29 31 32 36 36 37 40 39 38 35 39 38 38 39 30 36 41 43 44 40 41 43 42 33 36 40 36 29 35 37 41 38 37 43 32 27 31 33 36 40 33 38 34 32 39 36 30 31 34 39 38 36 31 31 29 36 34 33 31 28 32 31 38 36 31 38 40 36 41 43 41 51 40 38 39
35 33 34 34 37 38 37 35 37 36 38 37 38 42 41 35 36 36 34 32 30 30 38 35 37 40 39 38 37 36 33 33 35 40 44 39 39 44 47 40 41 42 38 43 32 37 39 41 32 31 30 34 34 39 36 31 31 37 38 30 33 35 33 31 36 35 27 26 33 33 34 39 37 36 35 36 32 31 31 29 31 34 30 30 35 32 32 35 32 33 38 35 39 43 49 44
37 34 33 35 37 40 40 37 35 36 37 37 39 40 39 36 40 37 34 33 33 34 41 38 40 42 41 38 35 35 32 36 41 39 37 40 41 46 47 37 41 43 45 44 39 37 40 41 39 38 36 34 36 39 38 34 35 36 32 32 36 38 41 33 35 39 38 34 38 29 30 33 37 36 29 30 31 28 32 32 32 37 36 28 29 31 30 36 30 30 31 36 37 39 40 42
33 38 41 38 38 39 37 35 36 37 35 34 33 34 34 39 36 37 37 38 35 40 41 43 42 44 39 39 36 35 33 34 36 40 42 34 38 41 45 42 43 44 45 42 44 42 40 41 44 41 34 32 37 38 39 35 39 36 29 35 35 34 33 34 38 40 41 43 36 30 36 32 34 34 32 36 34 34 37 40 33 33 34 37 31 34 35 31 36 34 34 40 44 45 38 45
37 36 39 39 37 36 32 32 35 34 36 37 35 31 34 36 36 37 38 37 37 38 37 40 40 38 35 37 35 37 39 39 39 35 36 39 41 47 42 49 51 45 45 47 40 46 38 39 42 41 46 36 34 39 45 37 40 38 32 32 29 29 33 34 42 41 38 40 40 40 35 32 29 33 36 33 31 30 34 35 32 36 35 36 34 38 41 39 35 35 37 41 49 46 40 41
39 33 35 36 32 29 29 30 31 32 37 37 37 38 38 37 37 37 35 34 35 36 33 37 38 33 36 37 34 38 39 40 41 36 40 37 46 46 47 42 52 51 40 45 35 47 42 38 42 47 41 39 37 40 44 40 42 36 30 28 31 34 34 31 42 40 32 38 43 37 30 32 36 33 32 30 36 38 36 39 32 38 40 34 38 41 38 37 36 39 41 42 52 45 40 36
