nb07xx_Applications/nb0731_Wind_Speed_Distribution/data/original/DWD/wind/weibull1981-2000_kdat_10m_BRD.asc
NCOLS 650
NROWS 880
XLLCORNER 3280000
YLLCORNER 5230000
CELLSIZE 1000
NODATA_VALUE 0
[rows 266 to 303 of 880, columns 430 to 515 of 650]
1478 1473 1477 1515 1559 1572 1569 1554 1554 1567 1571 1572 1572 1573 1571 1565 1563 1568 1567 1555 1535 1501 1483 1517 1485 1477 1487 1509 1531 1532 1510 1530 1552 1564 1562 1561 1563 1566 1562 1536 1515 1522 1540 1545 1543 1556 1569 1563 1556 1564 1571 1572 1571 1568 1564 1550 1512 1493 1521 1542 1542 1544 1543 1521 1485 1480 1485 1501 1536 1557 1531 1498 1490 1484 1479 1491 1496 1511 1550 1548 1507 1485 1495 1523 1536 1517
1490 1484 1475 1501 1548 1569 1569 1550 1550 1563 1565 1562 1563 1561 1556 1558 1562 1567 1566 1554 1540 1489 1512 1481 1488 1509 1527 1513 1536 1550 1555 1547 1562 1561 1550 1553 1565 1572 1576 1551 1543 1549 1562 1565 1554 1556 1567 1564 1563 1568 1571 1571 1570 1569 1568 1558 1525 1490 1498 1535 1552 1546 1542 1537 1495 1493 1509 1538 1560 1568 1547 1515 1495 1485 1477 1487 1493 1493 1504 1505 1484 1522 1484 1498 1507 1517
1491 1494 1482 1482 1508 1539 1547 1530 1530 1535 1532 1534 1550 1544 1539 1551 1565 1564 1564 1562 1547 1543 1514 1504 1533 1540 1544 1542 1549 1568 1594 1559 1565 1560 1551 1556 1566 1569 1555 1552 1557 1562 1565 1565 1563 1563 1566 1568 1570 1571 1572 1571 1570 1563 1552 1537 1507 1484 1482 1501 1528 1536 1541 1540 1531 1532 1536 1538 1546 1554 1542 1525 1508 1489 1477 1487 1488 1479 1482 1517 1537 1485 1483 1502 1521 1546
1481 1494 1489 1476 1481 1493 1497 1489 1491 1506 1516 1495 1517 1547 1535 1544 1561 1547 1548 1558 1548 1520 1492 1519 1555 1565 1562 1549 1544 1561 1574 1565 1567 1566 1565 1566 1569 1591 1550 1551 1557 1555 1553 1550 1558 1564 1565 1566 1569 1571 1571 1571 1570 1560 1546 1534 1510 1485 1476 1477 1483 1492 1506 1535 1556 1563 1553 1524 1506 1527 1540 1543 1540 1504 1490 1496 1487 1473 1485 1479 1480 1476 1483 1497 1518 1576
1490 1517 1523 1504 1500 1502 1493 1485 1484 1519 1543 1482 1475 1485 1535 1547 1552 1521 1519 1540 1535 1499 1516 1504 1535 1551 1546 1523 1527 1555 1568 1569 1569 1569 1568 1569 1569 1573 1559 1549 1553 1554 1535 1521 1538 1560 1559 1556 1563 1566 1567 1569 1557 1544 1546 1550 1539 1514 1495 1504 1486 1482 1486 1516 1554 1572 1559 1517 1488 1504 1541 1560 1552 1523 1512 1519 1497 1481 1477 1514 1481 1485 1484 1482 1488 1507
1497 1527 1542 1543 1545 1546 1552 1573 1534 1534 1496 1478 1467 1481 1532 1553 1535 1493 1491 1506 1505 1482 1478 1484 1493 1509 1553 1525 1518 1553 1567 1565 1581 1599 1567 1566 1582 1570 1560 1548 1551 1555 1530 1503 1521 1549 1556 1554 1560 1562 1563 1560 1527 1501 1529 1556 1562 1554 1546 1537 1513 1487 1484 1502 1543 1564 1556 1518 1484 1483 1499 1530 1536 1513 1510 1525 1507 1486 1480 1484 1485 1483 1485 1480 1478 1481
1488 1493 1516 1529 1534 1537 1594 1556 1531 1509 1487 1480 1494 1509 1535 1545 1504 1476 1476 1478 1478 1471 1471 1475 1483 1481 1480 1514 1516 1550 1566 1577 1562 1567 1569 1563 1571 1563 1559 1555 1541 1523 1505 1492 1497 1518 1546 1562 1565 1563 1561 1553 1513 1498 1535 1559 1564 1564 1566 1555 1516 1481 1473 1484 1514 1539 1538 1509 1490 1486 1486 1495 1497 1490 1492 1504 1496 1484 1494 1500 1483 1473 1479 1479 1476 1476
1500 1482 1492 1497 1487 1514 1516 1487 1487 1489 1489 1486 1495 1517 1536 1524 1479 1461 1469 1468 1464 1464 1474 1528 1516 1485 1479 1485 1522 1556 1566 1587 1566 1563 1562 1564 1565 1559 1556 1546 1514 1482 1475 1473 1474 1481 1523 1559 1567 1566 1562 1558 1544 1542 1556 1561 1554 1559 1567 1545 1494 1471 1472 1477 1484 1493 1495 1487 1491 1502 1505 1493 1484 1480 1486 1495 1488 1488 1521 1523 1487 1480 1484 1482 1481 1474
1528 1491 1482 1477 1470 1464 1464 1466 1475 1497 1526 1508 1526 1533 1526 1520 1481 1466 1476 1471 1465 1468 1490 1528 1520 1504 1518 1517 1537 1559 1566 1566 1567 1566 1566 1564 1559 1547 1531 1513 1487 1475 1469 1471 1478 1486 1522 1557 1566 1566 1564 1563 1559 1559 1566 1560 1551 1558 1566 1548 1506 1482 1479 1476 1470 1468 1467 1472 1483 1495 1502 1491 1481 1476 1483 1497 1501 1517 1531 1510 1495 1510 1506 1491 1486 1479
1551 1508 1476 1465 1463 1463 1464 1472 1494 1532 1546 1546 1550 1537 1525 1546 1513 1488 1483 1473 1466 1478 1516 1549 1553 1535 1536 1544 1551 1561 1563 1564 1566 1566 1566 1563 1554 1527 1491 1483 1492 1524 1513 1506 1521 1530 1542 1557 1563 1564 1564 1562 1552 1554 1566 1568 1574 1582 1567 1560 1548 1526 1507 1484 1471 1473 1475 1476 1485 1503 1499 1487 1488 1486 1481 1489 1517 1534 1518 1506 1527 1548 1539 1500 1483 1475
1564 1533 1486 1468 1463 1463 1466 1483 1519 1536 1566 1548 1560 1547 1538 1541 1526 1491 1478 1468 1465 1484 1528 1553 1572 1546 1549 1555 1557 1561 1560 1560 1563 1565 1563 1559 1548 1513 1475 1495 1512 1524 1534 1553 1557 1559 1557 1556 1560 1564 1563 1563 1557 1568 1571 1584 1620 1581 1563 1565 1569 1562 1549 1509 1479 1480 1481 1479 1492 1526 1511 1484 1486 1489 1475 1477 1501 1511 1508 1534 1555 1558 1547 1515 1481 1436
1568 1552 1520 1484 1468 1463 1464 1478 1496 1504 1544 1520 1547 1555 1556 1558 1540 1502 1475 1463 1462 1472 1503 1540 1586 1534 1542 1557 1563 1562 1557 1547 1551 1561 1559 1551 1538 1503 1470 1493 1486 1498 1538 1579 1563 1561 1564 1560 1562 1563 1559 1573 1567 1571 1568 1561 1560 1561 1563 1567 1567 1566 1562 1540 1501 1484 1485 1494 1508 1526 1501 1477 1474 1474 1454 1468 1489 1490 1493 1506 1509 1520 1527 1517 1477 1410
1569 1567 1558 1525 1482 1465 1462 1465 1468 1469 1523 1501 1523 1546 1559 1551 1540 1524 1486 1464 1461 1463 1476 1505 1512 1500 1528 1551 1556 1545 1544 1534 1527 1536 1545 1540 1520 1493 1476 1506 1474 1475 1516 1552 1558 1559 1572 1563 1563 1563 1558 1559 1564 1562 1562 1560 1551 1547 1560 1567 1547 1533 1541 1546 1520 1488 1504 1538 1545 1536 1493 1467 1465 1459 1441 1466 1483 1482 1484 1480 1481 1493 1491 1474 1431 1402
1568 1566 1563 1547 1505 1475 1465 1464 1463 1465 1529 1508 1537 1538 1556 1544 1526 1507 1481 1463 1461 1461 1463 1470 1471 1480 1512 1543 1548 1535 1530 1517 1493 1496 1516 1512 1486 1486 1480 1487 1505 1479 1513 1546 1552 1552 1556 1559 1559 1561 1560 1562 1564 1559 1559 1562 1551 1547 1556 1559 1537 1528 1520 1544 1525 1505 1532 1553 1554 1538 1490 1468 1465 1457 1450 1469 1491 1490 1489 1490 1488 1484 1458 1424 1403 1427
1564 1559 1558 1557 1535 1555 1493 1482 1485 1502 1544 1527 1533 1546 1558 1548 1528 1501 1470 1461 1460 1461 1461 1461 1463 1470 1484 1509 1521 1507 1494 1484 1483 1484 1481 1474 1467 1467 1465 1461 1475 1499 1532 1551 1545 1543 1553 1559 1550 1546 1557 1563 1563 1559 1560 1561 1557 1559 1563 1558 1540 1567 1530 1538 1534 1529 1543 1549 1548 1547 1523 1498 1482 1465 1455 1472 1494 1502 1497 1504 1474 1432 1398 1398 1440 1462
1556 1547 1553 1564 1555 1540 1526 1531 1535 1528 1522 1524 1544 1547 1549 1548 1537 1469 1463 1465 1470 1468 1463 1460 1460 1460 1464 1470 1476 1471 1470 1473 1483 1483 1474 1470 1471 1469 1465 1467 1487 1527 1550 1560 1552 1545 1553 1562 1554 1546 1570 1559 1558 1560 1564 1574 1582 1562 1563 1551 1533 1526 1524 1505 1512 1516 1529 1534 1541 1553 1551 1544 1526 1495 1486 1495 1498 1576 1506 1511 1475 1406 1394 1395 1403 1421
1547 1542 1551 1563 1562 1558 1555 1557 1559 1552 1536 1535 1543 1541 1540 1541 1508 1471 1471 1488 1496 1481 1472 1471 1474 1468 1461 1460 1463 1473 1482 1490 1495 1487 1493 1510 1515 1508 1488 1484 1522 1553 1558 1568 1560 1558 1560 1563 1560 1559 1561 1559 1557 1560 1563 1563 1564 1562 1557 1554 1536 1530 1575 1514 1488 1492 1506 1527 1540 1553 1553 1558 1583 1561 1535 1523 1504 1510 1479 1481 1482 1446 1402 1395 1396 1397
1550 1548 1556 1558 1556 1543 1533 1537 1546 1548 1541 1542 1542 1533 1527 1535 1533 1515 1512 1534 1536 1507 1494 1509 1522 1505 1488 1486 1495 1516 1525 1567 1532 1558 1533 1552 1554 1546 1534 1529 1533 1555 1570 1571 1561 1561 1562 1568 1587 1563 1563 1568 1569 1577 1560 1570 1553 1545 1554 1562 1550 1545 1541 1530 1521 1490 1515 1537 1540 1536 1529 1540 1568 1578 1540 1527 1517 1497 1534 1485 1484 1470 1459 1415 1394 1396
1559 1561 1563 1553 1541 1504 1484 1497 1527 1525 1516 1537 1557 1550 1515 1530 1551 1557 1553 1556 1552 1538 1536 1548 1555 1547 1537 1535 1542 1543 1546 1541 1548 1577 1552 1572 1574 1554 1579 1560 1540 1547 1553 1558 1560 1561 1561 1593 1561 1560 1560 1561 1560 1559 1559 1558 1544 1537 1549 1562 1556 1548 1547 1536 1557 1531 1519 1528 1525 1523 1516 1522 1538 1534 1522 1515 1483 1487 1482 1483 1475 1475 1484 1452 1394 1407
1557 1560 1561 1550 1519 1475 1463 1477 1511 1501 1489 1531 1551 1553 1527 1536 1554 1559 1559 1560 1558 1555 1555 1556 1550 1551 1555 1549 1547 1545 1527 1542 1547 1556 1555 1559 1555 1554 1557 1553 1552 1554 1555 1557 1560 1559 1564 1594 1556 1557 1553 1551 1553 1559 1559 1561 1552 1539 1546 1560 1559 1550 1545 1544 1530 1556 1509 1504 1501 1510 1524 1522 1512 1505 1467 1515 1488 1530 1477 1477 1472 1472 1475 1437 1392 1454
1537 1553 1549 1528 1487 1465 1465 1484 1520 1502 1494 1536 1555 1555 1547 1542 1544 1538 1535 1544 1554 1553 1550 1550 1545 1541 1546 1542 1539 1552 1518 1550 1543 1554 1552 1555 1555 1555 1554 1553 1555 1558 1553 1551 1556 1577 1573 1552 1558 1558 1547 1533 1537 1549 1557 1562 1560 1546 1546 1551 1550 1553 1549 1550 1541 1548 1540 1501 1486 1487 1502 1514 1518 1521 1437 1555 1495 1490 1474 1472 1470 1466 1471 1435 1399 1465
1514 1546 1541 1502 1474 1469 1497 1517 1534 1524 1523 1545 1555 1547 1539 1527 1523 1520 1522 1534 1551 1553 1542 1537 1540 1541 1544 1545 1557 1537 1524 1541 1547 1546 1552 1559 1559 1558 1557 1556 1556 1557 1545 1543 1554 1555 1552 1555 1557 1558 1551 1535 1532 1543 1555 1562 1562 1554 1551 1544 1544 1554 1555 1553 1534 1511 1560 1490 1478 1479 1478 1482 1492 1513 1520 1534 1478 1512 1475 1467 1465 1464 1517 1483 1445 1465
1522 1550 1542 1503 1475 1476 1508 1542 1544 1542 1545 1553 1543 1517 1493 1482 1489 1514 1532 1544 1553 1551 1534 1523 1536 1547 1543 1533 1507 1513 1531 1546 1553 1552 1557 1559 1559 1559 1558 1553 1552 1556 1548 1546 1556 1559 1559 1558 1563 1548 1554 1554 1548 1551 1557 1559 1561 1558 1557 1552 1554 1561 1563 1556 1532 1494 1494 1474 1475 1479 1482 1501 1514 1542 1521 1485 1479 1477 1473 1469 1465 1464 1466 1470 1464 1458
1533 1538 1527 1502 1482 1482 1498 1529 1543 1544 1548 1554 1534 1492 1469 1470 1487 1520 1537 1543 1538 1532 1521 1522 1541 1540 1542 1508 1486 1524 1535 1538 1552 1559 1559 1559 1559 1559 1558 1552 1552 1556 1557 1552 1552 1556 1552 1553 1557 1543 1552 1560 1560 1560 1557 1555 1557 1553 1551 1558 1560 1563 1562 1552 1581 1509 1486 1485 1481 1511 1489 1503 1531 1539 1534 1509 1481 1472 1469 1469 1463 1463 1466 1468 1467 1462
1521 1505 1497 1489 1490 1493 1496 1523 1534 1534 1542 1545 1522 1489 1477 1489 1512 1523 1526 1522 1505 1489 1501 1532 1537 1511 1479 1464 1477 1523 1538 1533 1545 1557 1558 1557 1556 1556 1557 1556 1556 1557 1545 1526 1527 1544 1549 1543 1550 1552 1556 1560 1559 1559 1555 1548 1547 1568 1547 1553 1559 1558 1554 1551 1543 1517 1489 1517 1483 1507 1512 1509 1499 1514 1522 1490 1480 1474 1468 1464 1460 1468 1474 1468 1464 1461
1492 1479 1479 1478 1479 1479 1487 1522 1536 1540 1545 1531 1517 1526 1524 1521 1522 1518 1520 1517 1489 1470 1485 1528 1529 1506 1480 1465 1468 1498 1527 1534 1544 1555 1555 1570 1589 1555 1555 1556 1556 1555 1534 1506 1493 1533 1576 1544 1554 1559 1559 1559 1555 1547 1544 1538 1544 1544 1538 1549 1553 1540 1533 1536 1541 1513 1484 1489 1501 1498 1492 1483 1474 1467 1495 1480 1476 1473 1466 1464 1463 1477 1493 1471 1471 1469
1478 1473 1471 1467 1465 1469 1485 1516 1537 1553 1555 1537 1528 1529 1528 1527 1524 1524 1524 1522 1500 1478 1491 1532 1536 1512 1480 1469 1463 1468 1489 1517 1532 1538 1542 1564 1562 1550 1552 1553 1555 1555 1535 1566 1505 1535 1551 1543 1549 1553 1556 1554 1545 1546 1538 1537 1552 1533 1525 1541 1549 1558 1524 1498 1500 1495 1505 1495 1512 1511 1571 1515 1452 1449 1480 1481 1477 1463 1460 1465 1471 1472 1478 1490 1505 1502
1474 1470 1467 1464 1464 1479 1494 1498 1524 1549 1555 1544 1528 1504 1503 1558 1532 1542 1537 1526 1508 1498 1521 1546 1539 1494 1467 1468 1471 1464 1459 1468 1494 1519 1537 1551 1552 1548 1544 1549 1552 1549 1534 1519 1526 1545 1569 1540 1539 1546 1543 1538 1541 1570 1525 1532 1538 1534 1530 1531 1527 1530 1513 1487 1497 1474 1460 1483 1504 1479 1489 1461 1450 1475 1483 1523 1520 1469 1466 1472 1484 1483 1488 1524 1549 1551
1469 1470 1478 1478 1480 1511 1516 1487 1506 1540 1548 1526 1492 1469 1472 1505 1531 1533 1528 1530 1526 1524 1532 1544 1539 1506 1481 1481 1479 1462 1458 1472 1469 1515 1543 1547 1550 1548 1545 1550 1549 1536 1526 1526 1527 1529 1526 1527 1530 1539 1571 1559 1537 1535 1529 1527 1532 1540 1543 1551 1526 1496 1482 1488 1488 1461 1455 1475 1507 1465 1462 1470 1471 1478 1501 1501 1493 1482 1480 1486 1509 1503 1498 1528 1552 1563
1477 1497 1516 1499 1489 1515 1518 1486 1482 1515 1513 1481 1463 1456 1466 1489 1521 1523 1520 1531 1539 1533 1526 1536 1549 1540 1529 1515 1484 1463 1454 1452 1467 1515 1541 1543 1550 1554 1554 1556 1550 1532 1522 1529 1530 1525 1525 1525 1532 1545 1544 1548 1547 1544 1538 1533 1520 1517 1534 1549 1531 1489 1470 1477 1483 1477 1474 1480 1474 1454 1442 1446 1462 1503 1516 1505 1482 1489 1498 1508 1527 1534 1533 1545 1554 1553
1512 1525 1532 1514 1482 1479 1488 1482 1471 1477 1476 1473 1470 1462 1470 1499 1518 1514 1515 1524 1526 1519 1518 1531 1551 1554 1552 1538 1511 1501 1503 1487 1488 1522 1534 1537 1545 1550 1554 1555 1552 1537 1556 1549 1541 1535 1534 1536 1540 1547 1552 1554 1552 1547 1540 1537 1535 1503 1517 1544 1538 1500 1467 1474 1501 1498 1510 1491 1474 1470 1462 1454 1461 1479 1493 1508 1503 1519 1532 1522 1522 1543 1557 1553 1555 1551
1516 1509 1518 1529 1501 1480 1503 1508 1476 1465 1476 1492 1501 1493 1484 1492 1497 1484 1488 1500 1505 1503 1500 1514 1538 1551 1552 1544 1534 1533 1532 1524 1528 1536 1532 1541 1547 1544 1552 1555 1554 1538 1532 1536 1538 1535 1535 1536 1535 1542 1552 1553 1552 1551 1545 1537 1533 1511 1511 1541 1545 1521 1467 1486 1522 1496 1513 1479 1454 1463 1480 1481 1473 1474 1488 1513 1528 1550 1555 1536 1527 1545 1556 1542 1544 1549
1508 1482 1481 1501 1503 1513 1533 1524 1479 1470 1498 1519 1524 1527 1510 1488 1487 1480 1478 1481 1501 1509 1499 1505 1529 1540 1543 1538 1525 1519 1521 1530 1535 1525 1519 1529 1529 1533 1545 1553 1554 1544 1522 1521 1529 1531 1526 1527 1530 1534 1541 1546 1551 1553 1551 1537 1519 1519 1529 1541 1530 1554 1479 1502 1509 1477 1468 1495 1453 1457 1482 1509 1483 1476 1492 1508 1531 1560 1551 1536 1537 1552 1557 1537 1541 1551
1523 1496 1477 1471 1475 1496 1517 1499 1467 1474 1514 1534 1528 1522 1512 1514 1524 1519 1512 1508 1516 1529 1531 1523 1528 1529 1524 1508 1483 1476 1496 1525 1530 1509 1494 1510 1519 1527 1543 1552 1554 1551 1531 1522 1526 1518 1496 1500 1514 1523 1530 1538 1547 1573 1567 1538 1519 1522 1539 1546 1550 1519 1516 1506 1477 1462 1479 1522 1477 1483 1494 1521 1503 1480 1490 1515 1535 1553 1540 1536 1546 1558 1558 1541 1544 1553
1525 1521 1496 1463 1460 1473 1481 1471 1458 1470 1508 1529 1517 1487 1498 1525 1542 1543 1542 1537 1532 1539 1542 1521 1504 1498 1496 1483 1466 1460 1489 1521 1523 1494 1470 1493 1519 1531 1547 1553 1552 1549 1540 1531 1527 1501 1470 1467 1478 1496 1510 1508 1522 1548 1561 1544 1527 1519 1534 1552 1546 1532 1522 1494 1480 1478 1454 1471 1487 1508 1518 1535 1527 1505 1514 1536 1546 1544 1536 1543 1550 1544 1531 1513 1524 1545
1551 1556 1493 1460 1457 1469 1480 1481 1472 1480 1514 1528 1505 1487 1500 1496 1515 1523 1532 1538 1535 1535 1564 1498 1470 1461 1465 1468 1462 1459 1490 1521 1524 1494 1481 1484 1512 1525 1537 1546 1544 1529 1516 1519 1517 1489 1466 1458 1460 1471 1475 1469 1485 1515 1517 1527 1530 1523 1529 1546 1541 1532 1503 1513 1483 1450 1485 1487 1469 1484 1517 1538 1541 1536 1541 1547 1546 1542 1542 1541 1524 1512 1509 1486 1492 1537
1524 1512 1480 1463 1460 1468 1497 1522 1516 1514 1532 1541 1518 1501 1521 1498 1493 1504 1518 1523 1518 1507 1511 1473 1459 1448 1450 1452 1454 1472 1517 1528 1524 1507 1515 1496 1507 1521 1531 1535 1532 1517 1502 1501 1496 1474 1464 1456 1458 1464 1467 1467 1470 1486 1475 1508 1514 1512 1522 1536 1524 1518 1478 1522 1452 1455 1464 1471 1489 1538 1522 1535 1545 1550 1541 1536 1537 1543 1531 1500 1474 1486 1522 1511 1504 1542
1495 1488 1486 1490 1496 1504 1526 1543 1539 1535 1546 1549 1533 1528 1533 1531 1519 1520 1526 1521 1530 1498 1486 1460 1456 1452 1455 1455 1461 1501 1541 1532 1519 1517 1510 1498 1502 1521 1534 1529 1522 1522 1523 1514 1505 1479 1464 1457 1462 1463 1464 1467 1468 1497 1454 1480 1471 1477 1509 1512 1478 1461 1486 1476 1462 1473 1494 1507 1520 1533 1525 1523 1548 1557 1530 1516 1526 1531 1496 1462 1452 1477 1525 1539 1541 1557
