nb07xx_Applications/nb0731_Wind_Speed_Distribution/data/original/DWD/wind/weibull1981-2000_kdat_10m_BRD.asc
NCOLS 650
NROWS 880
XLLCORNER 3280000
YLLCORNER 5230000
CELLSIZE 1000
NODATA_VALUE 0
[rows 342 to 379 of 880, columns 344 to 429 of 650]
1579 1572 1571 1587 1580 1569 1559 1569 1574 1568 1563 1566 1570 1566 1563 1537 1527 1566 1566 1564 1563 1554 1546 1554 1562 1562 1560 1550 1527 1521 1542 1552 1556 1554 1550 1544 1544 1558 1544 1548 1546 1542 1547 1549 1548 1547 1546 1547 1545 1539 1537 1539 1539 1543 1543 1542 1551 1525 1533 1543 1564 1526 1482 1452 1454 1477 1517 1538 1536 1535 1533 1527 1527 1530 1522 1512 1503 1511 1524 1528 1528 1525 1525 1529 1530 1530
1577 1564 1563 1572 1574 1567 1560 1565 1598 1574 1548 1570 1584 1568 1519 1466 1517 1564 1566 1565 1564 1560 1552 1556 1561 1560 1557 1556 1554 1553 1556 1557 1556 1553 1548 1541 1534 1530 1533 1540 1549 1548 1550 1563 1579 1563 1542 1544 1537 1516 1515 1526 1527 1537 1542 1541 1528 1522 1531 1561 1548 1530 1497 1484 1499 1507 1525 1539 1538 1535 1527 1527 1532 1529 1509 1503 1511 1514 1517 1526 1528 1520 1523 1530 1530 1530
1581 1575 1574 1575 1575 1569 1571 1576 1574 1492 1554 1539 1514 1505 1522 1479 1523 1564 1565 1564 1563 1566 1574 1574 1561 1557 1542 1540 1554 1558 1557 1556 1553 1539 1530 1536 1545 1541 1544 1551 1550 1549 1549 1548 1546 1538 1537 1543 1533 1512 1515 1525 1525 1535 1541 1541 1537 1535 1537 1538 1540 1536 1527 1524 1530 1532 1535 1538 1538 1535 1529 1529 1534 1528 1499 1493 1511 1515 1513 1520 1526 1524 1526 1530 1530 1529
1580 1578 1579 1578 1576 1570 1567 1571 1568 1533 1587 1584 1579 1554 1504 1547 1559 1560 1564 1563 1563 1562 1564 1561 1560 1556 1540 1538 1546 1549 1552 1552 1548 1529 1529 1545 1552 1550 1549 1549 1551 1551 1548 1548 1547 1544 1544 1544 1539 1534 1536 1540 1538 1539 1541 1540 1560 1539 1526 1528 1538 1531 1528 1533 1539 1539 1538 1538 1537 1537 1536 1535 1531 1512 1489 1492 1502 1508 1506 1503 1507 1518 1526 1527 1526 1527
1577 1576 1592 1588 1574 1557 1556 1568 1559 1559 1567 1560 1556 1562 1566 1557 1549 1512 1552 1558 1560 1560 1559 1559 1556 1549 1548 1550 1538 1539 1550 1550 1549 1541 1552 1581 1595 1557 1550 1547 1545 1546 1546 1569 1565 1553 1565 1546 1544 1543 1543 1542 1542 1541 1540 1540 1547 1540 1510 1517 1536 1530 1524 1530 1538 1538 1538 1537 1537 1535 1533 1533 1530 1506 1492 1502 1509 1504 1495 1490 1497 1513 1524 1523 1522 1525
1575 1565 1578 1617 1579 1557 1559 1569 1512 1550 1555 1539 1540 1554 1562 1561 1545 1468 1583 1583 1584 1570 1542 1550 1555 1546 1548 1554 1546 1542 1551 1552 1552 1552 1551 1552 1583 1566 1549 1533 1523 1534 1544 1542 1544 1580 1576 1568 1544 1543 1542 1541 1540 1540 1540 1539 1539 1532 1517 1522 1535 1530 1523 1528 1536 1536 1537 1536 1536 1533 1529 1530 1531 1518 1514 1522 1527 1509 1488 1485 1500 1516 1525 1524 1523 1525
1583 1580 1561 1575 1602 1627 1573 1545 1466 1544 1537 1527 1517 1528 1565 1568 1488 1490 1540 1561 1525 1495 1461 1467 1551 1553 1553 1556 1571 1558 1554 1553 1553 1550 1549 1549 1571 1554 1547 1524 1513 1531 1542 1533 1536 1542 1538 1538 1542 1542 1539 1529 1529 1538 1539 1539 1538 1537 1534 1525 1525 1526 1520 1529 1528 1528 1534 1536 1535 1533 1529 1530 1533 1532 1532 1529 1525 1509 1489 1488 1500 1513 1526 1527 1528 1527
1541 1551 1574 1578 1599 1614 1561 1531 1474 1475 1537 1517 1500 1555 1546 1493 1561 1553 1530 1522 1523 1514 1534 1550 1553 1552 1554 1555 1553 1553 1554 1553 1552 1544 1538 1537 1548 1549 1547 1535 1532 1536 1531 1524 1533 1540 1524 1524 1545 1544 1538 1522 1523 1536 1539 1538 1538 1537 1535 1520 1522 1537 1534 1565 1524 1536 1533 1535 1535 1534 1534 1532 1531 1529 1526 1520 1516 1512 1498 1483 1483 1501 1523 1526 1523 1523
1546 1489 1517 1575 1616 1661 1645 1612 1549 1524 1513 1554 1583 1559 1546 1543 1561 1570 1566 1565 1564 1559 1558 1574 1559 1550 1551 1545 1535 1539 1551 1551 1549 1541 1523 1526 1544 1549 1548 1547 1547 1537 1519 1514 1533 1539 1524 1523 1537 1535 1536 1532 1532 1537 1538 1537 1537 1537 1535 1531 1531 1565 1534 1537 1539 1534 1534 1533 1530 1528 1531 1527 1520 1509 1504 1508 1517 1522 1512 1491 1465 1469 1496 1512 1517 1519
1578 1498 1493 1567 1603 1642 1603 1560 1559 1598 1595 1569 1550 1551 1556 1556 1559 1561 1563 1562 1557 1553 1551 1554 1554 1554 1549 1535 1521 1530 1544 1543 1552 1551 1532 1533 1544 1548 1548 1566 1546 1540 1533 1522 1537 1536 1529 1533 1529 1524 1533 1539 1550 1538 1527 1525 1534 1537 1536 1536 1534 1535 1535 1575 1538 1535 1535 1525 1515 1517 1529 1527 1518 1505 1489 1495 1517 1527 1519 1507 1486 1452 1449 1476 1502 1517
1592 1526 1530 1546 1492 1492 1576 1571 1565 1562 1561 1564 1560 1559 1563 1562 1560 1555 1554 1557 1551 1543 1543 1544 1548 1557 1551 1540 1533 1537 1535 1488 1503 1520 1576 1581 1553 1545 1534 1532 1542 1545 1544 1542 1543 1546 1530 1533 1534 1529 1534 1539 1539 1534 1515 1515 1531 1535 1535 1529 1526 1531 1580 1568 1534 1529 1519 1503 1503 1517 1527 1528 1527 1519 1502 1500 1519 1529 1525 1515 1491 1451 1435 1442 1477 1512
1597 1576 1557 1498 1557 1572 1580 1586 1568 1561 1561 1566 1565 1564 1559 1553 1552 1548 1547 1554 1551 1551 1579 1582 1551 1553 1548 1546 1549 1551 1513 1452 1522 1522 1535 1558 1590 1573 1529 1528 1541 1545 1545 1545 1544 1542 1539 1539 1541 1540 1538 1538 1538 1534 1521 1522 1529 1529 1531 1488 1519 1530 1575 1537 1531 1519 1488 1482 1508 1527 1527 1527 1530 1526 1518 1518 1526 1528 1521 1498 1461 1442 1438 1439 1467 1507
1567 1575 1573 1570 1568 1560 1561 1570 1566 1554 1592 1571 1580 1580 1549 1531 1528 1547 1534 1543 1553 1557 1560 1556 1555 1553 1559 1548 1551 1553 1579 1497 1465 1566 1551 1539 1525 1551 1578 1540 1543 1544 1543 1539 1536 1538 1542 1542 1541 1536 1529 1532 1537 1537 1533 1545 1516 1508 1520 1514 1521 1530 1530 1520 1526 1518 1486 1489 1517 1526 1528 1528 1529 1530 1528 1529 1529 1526 1510 1487 1450 1435 1439 1449 1483 1504
1563 1573 1563 1557 1564 1559 1562 1569 1567 1557 1556 1564 1564 1566 1547 1513 1481 1483 1485 1509 1541 1554 1554 1554 1554 1546 1566 1545 1551 1552 1588 1510 1489 1479 1555 1517 1481 1496 1543 1564 1545 1541 1540 1526 1519 1524 1532 1537 1540 1533 1526 1531 1535 1537 1522 1497 1506 1503 1518 1528 1528 1531 1522 1531 1527 1539 1520 1511 1521 1526 1530 1530 1530 1526 1523 1524 1528 1520 1503 1490 1464 1439 1439 1457 1484 1495
1571 1574 1560 1557 1567 1569 1576 1570 1568 1566 1564 1563 1563 1562 1553 1514 1465 1434 1445 1484 1533 1553 1553 1553 1547 1542 1523 1540 1550 1551 1575 1527 1487 1536 1551 1555 1471 1465 1499 1537 1563 1546 1524 1523 1516 1510 1512 1528 1539 1535 1526 1527 1535 1535 1536 1524 1516 1520 1526 1532 1532 1532 1530 1549 1576 1545 1531 1525 1524 1526 1530 1529 1529 1525 1518 1520 1527 1513 1488 1474 1479 1467 1470 1484 1478 1480
1578 1578 1593 1588 1572 1574 1597 1568 1567 1571 1563 1561 1575 1578 1571 1553 1539 1454 1456 1501 1540 1554 1554 1553 1543 1517 1517 1540 1545 1545 1549 1561 1551 1565 1525 1507 1549 1495 1474 1502 1514 1521 1515 1531 1534 1520 1515 1528 1538 1537 1525 1515 1539 1553 1532 1541 1484 1474 1536 1538 1532 1532 1534 1533 1531 1528 1524 1520 1524 1529 1529 1528 1541 1526 1521 1521 1526 1512 1469 1453 1487 1504 1512 1513 1488 1465
1579 1588 1594 1576 1572 1583 1580 1550 1550 1562 1563 1562 1563 1562 1558 1540 1501 1473 1492 1531 1541 1548 1549 1553 1544 1547 1534 1546 1542 1542 1545 1557 1557 1543 1518 1501 1501 1560 1540 1497 1510 1525 1531 1538 1539 1536 1535 1534 1528 1527 1526 1519 1508 1535 1499 1512 1527 1554 1541 1530 1528 1527 1531 1531 1539 1528 1522 1514 1520 1528 1528 1524 1520 1518 1523 1524 1526 1517 1481 1473 1501 1519 1522 1519 1490 1452
1574 1567 1562 1561 1565 1569 1556 1534 1539 1553 1559 1559 1562 1562 1553 1525 1546 1505 1524 1540 1533 1533 1547 1553 1551 1552 1550 1549 1547 1545 1530 1528 1567 1562 1522 1512 1524 1547 1595 1522 1525 1540 1543 1551 1542 1540 1539 1534 1527 1523 1524 1519 1498 1462 1455 1485 1523 1532 1525 1521 1522 1524 1521 1523 1572 1478 1518 1511 1520 1526 1522 1518 1512 1514 1522 1524 1526 1521 1506 1508 1517 1522 1519 1511 1487 1468
1569 1561 1552 1547 1556 1568 1558 1542 1531 1535 1544 1551 1546 1543 1536 1503 1509 1534 1585 1581 1546 1541 1546 1550 1552 1551 1550 1550 1550 1546 1528 1518 1532 1553 1542 1537 1539 1545 1557 1539 1541 1546 1574 1608 1571 1549 1540 1537 1533 1523 1509 1512 1519 1483 1455 1478 1518 1530 1522 1521 1524 1525 1505 1525 1562 1442 1456 1504 1521 1524 1511 1510 1525 1520 1518 1518 1522 1525 1523 1523 1523 1521 1514 1499 1483 1486
1561 1568 1564 1557 1561 1569 1567 1555 1536 1572 1522 1543 1535 1520 1506 1516 1522 1522 1543 1575 1600 1608 1550 1538 1547 1550 1549 1573 1597 1550 1533 1524 1526 1535 1543 1542 1540 1536 1533 1535 1538 1537 1537 1552 1601 1552 1540 1538 1536 1527 1467 1513 1530 1519 1496 1501 1519 1531 1529 1533 1539 1529 1469 1489 1516 1519 1499 1503 1521 1527 1518 1511 1517 1523 1517 1519 1522 1522 1521 1521 1523 1519 1509 1495 1486 1477
1522 1554 1566 1568 1567 1567 1568 1561 1528 1503 1511 1532 1547 1564 1507 1428 1479 1574 1545 1542 1552 1574 1613 1581 1541 1543 1541 1529 1541 1546 1536 1532 1525 1521 1530 1537 1534 1531 1523 1513 1514 1528 1534 1539 1538 1533 1536 1537 1538 1514 1489 1538 1532 1525 1521 1543 1530 1529 1529 1530 1529 1535 1515 1468 1477 1520 1511 1515 1523 1523 1550 1533 1517 1520 1520 1542 1522 1507 1506 1514 1521 1518 1510 1502 1502 1487
1484 1523 1530 1547 1559 1553 1561 1559 1543 1551 1492 1499 1559 1535 1599 1570 1550 1537 1570 1542 1539 1540 1545 1550 1555 1540 1538 1519 1524 1542 1541 1540 1530 1505 1509 1532 1536 1515 1417 1372 1339 1361 1466 1537 1524 1518 1528 1535 1558 1477 1542 1533 1528 1514 1515 1531 1527 1524 1526 1529 1528 1553 1540 1519 1470 1500 1514 1521 1517 1510 1519 1538 1518 1521 1522 1518 1513 1504 1503 1514 1515 1514 1515 1514 1512 1505
1509 1580 1545 1523 1515 1518 1546 1548 1545 1540 1507 1521 1513 1502 1536 1546 1532 1571 1562 1567 1555 1532 1532 1538 1534 1519 1529 1535 1536 1544 1545 1543 1534 1507 1511 1537 1508 1383 1324 1334 1358 1364 1484 1535 1522 1519 1528 1535 1535 1534 1533 1532 1528 1518 1520 1529 1526 1524 1524 1519 1516 1525 1553 1555 1375 1490 1503 1506 1506 1503 1512 1522 1521 1528 1521 1519 1527 1519 1516 1518 1515 1542 1518 1514 1510 1511
1461 1458 1557 1535 1505 1478 1538 1482 1513 1536 1530 1493 1480 1498 1558 1534 1536 1536 1538 1544 1551 1567 1552 1490 1487 1504 1467 1545 1544 1545 1545 1544 1540 1530 1539 1553 1411 1343 1342 1458 1486 1467 1517 1526 1529 1533 1534 1535 1534 1534 1532 1530 1529 1530 1527 1515 1510 1519 1524 1508 1506 1520 1531 1508 1466 1456 1463 1487 1506 1513 1519 1523 1522 1522 1520 1518 1519 1516 1515 1517 1518 1517 1517 1516 1507 1503
1529 1509 1614 1575 1454 1440 1474 1465 1484 1514 1575 1559 1512 1525 1538 1543 1540 1519 1507 1528 1542 1556 1558 1540 1534 1536 1537 1545 1544 1544 1546 1544 1562 1553 1540 1535 1502 1484 1488 1484 1505 1522 1522 1518 1527 1534 1535 1552 1537 1533 1531 1526 1525 1529 1525 1504 1494 1508 1523 1517 1513 1518 1532 1527 1453 1434 1406 1479 1511 1520 1521 1526 1526 1521 1515 1509 1513 1510 1508 1515 1517 1512 1512 1516 1511 1506
1440 1519 1635 1515 1466 1571 1535 1451 1462 1489 1489 1487 1516 1544 1555 1555 1549 1525 1506 1506 1524 1528 1538 1526 1491 1483 1527 1542 1539 1541 1549 1543 1543 1542 1535 1516 1514 1515 1516 1461 1514 1525 1531 1526 1528 1531 1532 1534 1534 1533 1532 1525 1524 1526 1518 1502 1503 1516 1523 1528 1525 1517 1499 1487 1481 1484 1460 1455 1520 1520 1514 1515 1524 1517 1511 1508 1508 1504 1506 1515 1517 1511 1511 1515 1516 1515
1577 1583 1632 1507 1646 1567 1484 1496 1522 1514 1476 1478 1502 1533 1548 1554 1574 1560 1582 1579 1552 1533 1513 1468 1443 1477 1531 1541 1538 1540 1543 1542 1542 1541 1530 1505 1506 1529 1537 1533 1532 1534 1535 1533 1525 1516 1522 1531 1538 1538 1532 1529 1527 1525 1515 1512 1520 1526 1526 1571 1537 1516 1505 1506 1531 1524 1506 1507 1518 1515 1509 1513 1562 1510 1509 1515 1511 1507 1506 1505 1507 1501 1500 1508 1514 1514
1695 1678 1590 1641 1507 1492 1518 1521 1469 1465 1448 1478 1544 1535 1536 1545 1570 1549 1543 1540 1543 1554 1536 1503 1486 1515 1582 1570 1545 1541 1531 1528 1538 1541 1534 1522 1526 1531 1530 1532 1536 1535 1535 1531 1511 1477 1482 1507 1528 1528 1529 1525 1519 1455 1515 1523 1524 1526 1525 1536 1546 1519 1519 1498 1519 1520 1519 1518 1516 1512 1517 1525 1522 1506 1509 1516 1515 1511 1500 1490 1474 1450 1453 1485 1506 1508
1595 1658 1555 1674 1670 1696 1715 1655 1509 1441 1448 1459 1473 1545 1540 1562 1567 1547 1541 1537 1537 1541 1541 1532 1529 1538 1527 1548 1596 1578 1528 1534 1540 1542 1539 1538 1538 1526 1512 1519 1535 1535 1534 1522 1485 1436 1442 1475 1503 1556 1559 1538 1440 1443 1525 1547 1527 1526 1524 1524 1523 1506 1497 1500 1515 1518 1516 1517 1518 1517 1520 1553 1509 1504 1512 1516 1515 1513 1507 1493 1455 1416 1423 1465 1500 1507
1526 1557 1553 1677 1557 1640 1681 1707 1595 1604 1498 1434 1435 1429 1489 1531 1515 1523 1543 1530 1526 1537 1542 1530 1531 1544 1520 1505 1482 1522 1568 1552 1544 1541 1540 1539 1538 1528 1511 1523 1550 1535 1534 1520 1428 1383 1419 1470 1491 1494 1446 1439 1491 1432 1529 1530 1528 1525 1521 1519 1515 1498 1484 1491 1507 1515 1506 1510 1520 1518 1515 1529 1510 1509 1513 1513 1512 1512 1512 1506 1477 1440 1453 1490 1505 1504
1681 1644 1545 1488 1460 1522 1579 1604 1676 1647 1545 1450 1514 1423 1467 1426 1375 1406 1445 1519 1516 1526 1542 1534 1535 1540 1537 1540 1542 1457 1538 1537 1541 1538 1534 1534 1532 1520 1515 1526 1544 1536 1534 1524 1413 1473 1414 1420 1451 1462 1494 1529 1530 1520 1448 1515 1540 1530 1520 1518 1516 1506 1501 1503 1511 1517 1510 1511 1519 1513 1503 1504 1511 1513 1513 1510 1512 1507 1505 1509 1504 1491 1495 1509 1505 1500
1694 1459 1448 1622 1644 1541 1394 1490 1518 1614 1537 1572 1515 1493 1542 1489 1379 1467 1473 1495 1460 1523 1485 1515 1539 1523 1516 1531 1540 1523 1537 1533 1538 1537 1530 1533 1527 1508 1497 1518 1534 1537 1533 1526 1413 1551 1524 1502 1435 1562 1549 1597 1578 1527 1493 1514 1525 1533 1522 1522 1525 1541 1515 1515 1518 1521 1519 1517 1516 1509 1500 1500 1508 1510 1509 1505 1509 1506 1502 1509 1512 1507 1507 1511 1508 1505
1517 1480 1593 1614 1515 1536 1433 1466 1397 1512 1591 1620 1494 1554 1417 1462 1404 1498 1481 1469 1415 1490 1437 1478 1493 1485 1487 1512 1526 1529 1519 1511 1530 1551 1559 1546 1528 1504 1486 1517 1548 1546 1534 1492 1443 1532 1537 1529 1450 1430 1500 1535 1535 1527 1524 1522 1516 1536 1519 1520 1518 1516 1507 1512 1519 1521 1520 1516 1512 1508 1507 1508 1511 1511 1510 1506 1509 1509 1508 1509 1511 1505 1503 1504 1503 1505
1572 1616 1563 1447 1410 1358 1453 1570 1413 1385 1481 1512 1443 1394 1498 1534 1463 1530 1472 1426 1449 1469 1412 1387 1453 1432 1496 1438 1480 1481 1476 1481 1520 1542 1489 1475 1523 1509 1464 1528 1533 1538 1544 1432 1548 1569 1550 1491 1443 1507 1454 1496 1534 1533 1526 1523 1493 1485 1527 1516 1494 1501 1502 1511 1520 1520 1520 1517 1513 1509 1510 1510 1510 1512 1515 1473 1505 1509 1503 1509 1554 1507 1499 1502 1501 1504
1593 1458 1410 1437 1537 1397 1511 1489 1448 1448 1483 1389 1416 1479 1601 1564 1515 1548 1508 1526 1496 1406 1411 1485 1437 1447 1487 1438 1472 1456 1444 1484 1512 1525 1454 1451 1496 1500 1457 1536 1535 1534 1498 1417 1453 1530 1492 1445 1441 1553 1522 1413 1497 1533 1527 1523 1518 1478 1420 1443 1487 1493 1508 1527 1526 1527 1519 1518 1517 1513 1511 1510 1509 1511 1512 1508 1507 1506 1497 1487 1494 1507 1507 1508 1508 1509
1472 1462 1436 1523 1585 1548 1621 1573 1473 1501 1581 1519 1416 1521 1556 1575 1600 1637 1580 1524 1465 1423 1516 1545 1418 1537 1456 1455 1484 1428 1495 1571 1535 1481 1395 1458 1535 1449 1476 1564 1469 1478 1499 1401 1501 1487 1489 1488 1507 1458 1525 1484 1413 1546 1525 1519 1519 1526 1447 1533 1504 1466 1524 1559 1524 1519 1517 1517 1517 1515 1515 1515 1527 1533 1495 1489 1501 1508 1502 1490 1489 1501 1508 1509 1510 1510
1526 1607 1489 1585 1647 1669 1689 1609 1621 1581 1587 1494 1399 1465 1448 1490 1630 1699 1594 1545 1533 1459 1557 1500 1484 1471 1504 1503 1484 1479 1561 1595 1587 1466 1436 1508 1531 1543 1552 1579 1528 1561 1505 1455 1514 1524 1524 1527 1520 1523 1554 1560 1507 1453 1531 1528 1520 1520 1503 1513 1455 1487 1537 1518 1512 1534 1518 1505 1504 1513 1515 1514 1514 1512 1490 1486 1502 1509 1504 1493 1493 1500 1502 1500 1505 1509
1603 1633 1572 1536 1525 1553 1638 1635 1575 1486 1442 1436 1565 1496 1549 1442 1594 1702 1687 1596 1620 1604 1589 1598 1595 1573 1473 1513 1562 1553 1484 1477 1420 1416 1507 1556 1468 1455 1458 1458 1471 1392 1458 1549 1530 1531 1548 1527 1525 1532 1549 1539 1526 1417 1544 1548 1522 1510 1468 1443 1501 1514 1516 1508 1505 1511 1510 1482 1485 1508 1513 1510 1508 1509 1504 1504 1507 1509 1503 1502 1506 1507 1496 1485 1491 1506
