nb07xx_Applications/nb0731_Wind_Speed_Distribution/data/original/DWD/wind/weibull1981-2000_cdat_10m_BRD.asc
NCOLS 650
NROWS 880
XLLCORNER 3280000
YLLCORNER 5230000
CELLSIZE 1000
NODATA_VALUE 0
[rows 56 to 111 of 880, columns 192 to 287 of 650]
89 89 88 88 88 88 88 88 88 88 88 88 88 88 88 88 88 87 85 81 79 73 67 63 59 55 45 42 51 57 53 52 55 56 54 55 57 59 59 58 57 58 58 54 50 51 57 57 57 58 57 54 53 54 57 59 59 58 58 55 54 56 57 55 57 52 50 54 56 57 57 57 57 57 56 54 53 54 56 56 56 55 56 57 56 55 55 56 53 50 52 55 59 64 72 74
89 89 88 88 88 88 88 88 88 88 88 88 88 88 88 88 87 86 86 85 85 80 73 63 60 60 53 46 51 58 54 52 55 51 46 49 55 59 58 54 53 56 57 54 51 53 56 56 56 57 53 50 54 58 56 54 55 56 57 57 58 57 56 53 53 51 51 54 56 56 55 55 56 57 56 53 51 54 57 56 54 54 55 55 54 53 54 56 53 48 50 55 56 59 68 74
89 89 88 88 88 88 88 88 88 88 88 88 88 88 88 88 87 87 87 87 86 84 77 67 60 60 57 51 51 56 54 54 56 53 48 50 55 58 57 54 53 56 57 56 56 56 54 54 57 56 49 47 53 57 54 49 47 51 55 57 56 53 54 56 56 55 53 53 53 53 54 54 53 55 54 52 52 55 56 55 54 54 56 55 54 54 55 56 55 52 53 53 53 57 65 72
89 89 88 88 88 88 88 88 88 88 88 88 88 88 87 87 87 87 87 87 87 85 79 68 60 61 59 55 53 55 53 52 56 54 52 54 57 58 58 56 56 58 59 58 58 58 54 54 55 54 51 52 56 57 56 51 47 50 55 57 54 51 52 55 56 55 53 52 52 52 54 56 52 53 54 52 52 54 57 56 56 54 55 56 57 57 57 55 52 51 52 52 53 58 67 73
89 89 89 88 88 88 88 88 88 88 88 88 88 87 87 87 87 87 87 87 85 83 76 68 63 63 61 59 58 57 56 55 56 53 52 56 58 57 56 53 54 58 57 58 59 57 55 55 55 53 54 56 57 57 57 56 54 54 56 55 50 48 51 54 56 57 56 56 56 56 56 56 51 52 58 58 51 52 56 56 53 52 53 55 57 57 55 54 52 50 51 53 56 59 68 72
89 89 89 89 89 89 89 89 88 88 88 88 88 87 87 87 87 87 87 87 85 79 71 65 65 64 64 62 60 60 60 59 55 53 55 57 56 55 56 53 54 59 55 56 58 57 57 57 56 55 56 57 56 53 53 56 58 58 58 54 47 47 52 56 56 56 56 57 57 57 56 54 51 53 56 55 52 53 56 55 52 52 54 54 56 56 53 53 55 54 54 56 55 56 65 71
89 89 89 89 89 89 89 87 86 88 88 88 88 87 87 87 87 87 87 86 85 79 70 65 64 63 61 61 59 60 60 59 55 55 58 59 57 57 58 56 55 56 56 57 58 56 56 56 56 57 57 57 56 53 52 56 58 58 59 56 51 51 53 54 55 55 56 57 55 53 54 53 52 55 55 54 55 56 56 55 51 51 54 54 55 56 55 53 53 54 56 56 54 57 66 71
89 89 89 89 89 88 86 84 84 88 88 88 88 88 87 86 85 86 86 85 84 80 70 65 64 64 63 60 59 59 60 60 58 54 55 57 58 58 56 53 51 53 58 59 59 58 57 57 57 57 57 58 58 56 56 58 59 59 58 57 53 52 53 57 55 56 56 56 54 53 54 53 53 54 53 54 56 59 56 55 51 50 53 54 55 57 56 52 50 53 56 55 55 64 70 71
89 89 89 88 87 87 86 83 83 88 88 88 88 87 87 87 87 86 85 85 84 80 70 65 67 71 71 66 58 53 55 58 57 54 54 56 58 58 55 54 52 51 55 59 59 57 57 57 58 58 57 57 57 57 58 58 58 58 58 56 53 52 51 51 49 51 54 55 55 56 59 57 56 54 53 55 56 57 56 55 51 51 54 56 56 56 56 53 52 54 56 54 55 67 71 71
89 88 86 86 87 85 85 80 82 88 88 88 87 87 87 86 85 84 85 85 84 79 70 71 75 79 80 72 61 50 52 56 55 55 57 58 58 58 58 58 67 57 55 58 58 56 54 55 55 54 53 53 54 56 58 58 58 58 54 51 50 49 45 40 38 42 50 55 57 57 57 57 57 54 52 54 57 55 54 54 54 54 55 56 55 53 54 56 56 58 58 54 54 67 70 71
89 87 86 87 86 82 84 81 85 88 88 88 87 87 86 85 84 84 84 83 81 75 72 77 81 83 83 76 65 53 53 55 54 56 58 57 55 56 58 58 62 58 59 56 58 53 51 51 50 50 51 50 51 55 58 58 58 58 51 46 45 45 41 39 38 40 49 55 57 57 57 58 58 53 49 51 55 53 53 55 55 54 54 56 54 52 53 55 55 56 55 55 62 67 68 70
89 88 87 87 86 82 81 85 87 88 88 88 87 87 86 85 83 80 80 81 76 72 76 79 80 83 83 78 68 63 55 56 57 68 67 59 54 56 58 56 54 56 57 54 56 53 51 52 51 51 53 53 54 56 57 57 57 58 53 48 47 47 43 41 45 48 49 51 55 56 56 56 56 54 50 52 54 53 54 54 54 53 51 53 52 52 52 52 52 54 56 61 66 67 68 70
89 89 87 87 86 83 83 87 88 88 88 87 87 87 85 85 82 76 75 74 69 74 80 78 79 83 82 80 75 67 53 49 50 55 61 58 54 54 57 56 53 54 55 53 50 51 55 55 53 54 57 57 58 58 57 57 57 58 55 51 51 51 45 42 49 54 52 52 55 56 56 53 52 54 54 55 55 54 54 54 52 52 51 60 53 52 52 50 51 58 65 66 67 68 68 68
89 89 89 87 87 87 88 89 88 88 88 87 87 87 85 85 82 78 71 66 68 75 81 80 81 83 83 82 81 73 47 39 40 46 54 57 53 54 57 57 56 54 54 52 48 49 55 52 50 53 56 56 57 57 55 55 57 57 56 52 51 52 49 47 50 54 55 55 56 57 56 51 48 50 51 53 55 54 55 54 51 48 47 49 51 54 54 54 59 65 67 68 68 68 68 68
89 89 89 89 89 89 89 88 88 88 88 87 87 87 85 85 83 80 73 70 73 78 81 82 83 83 83 83 82 78 53 37 36 41 50 54 55 56 57 57 55 53 54 54 51 52 55 52 50 53 56 56 57 56 52 52 56 57 57 55 53 53 53 54 54 53 53 55 56 56 57 53 48 48 50 52 53 52 54 55 53 45 40 43 50 55 59 62 65 67 68 68 67 67 67 67
89 89 89 89 89 89 89 88 88 88 88 88 87 87 86 85 84 83 80 77 77 79 79 81 83 83 83 82 82 79 54 40 39 42 45 51 57 57 57 57 56 53 54 55 53 54 56 56 55 55 55 57 58 57 52 53 56 57 57 58 57 56 56 56 55 52 52 54 56 56 57 55 52 52 52 52 53 53 53 55 54 47 41 47 55 59 62 64 66 67 66 64 61 62 61 60
89 89 89 89 88 88 88 89 88 88 87 88 87 87 87 85 84 84 83 82 81 80 81 82 83 83 83 82 79 74 58 50 48 48 47 51 57 57 57 58 57 55 54 61 53 52 53 56 58 53 52 55 58 57 56 56 57 57 57 57 58 58 55 54 54 53 52 52 55 57 56 53 51 52 53 53 52 52 54 54 52 47 43 50 59 60 59 60 61 61 59 54 54 58 54 51
89 89 89 88 87 87 87 87 87 87 87 88 88 87 87 87 86 85 84 84 84 83 83 82 82 83 82 81 77 63 58 58 57 55 53 55 58 57 58 58 57 56 51 51 52 48 49 54 57 53 52 55 58 57 57 56 55 56 55 55 56 57 55 54 54 54 53 53 55 56 55 51 47 49 53 53 52 52 54 54 51 48 43 47 54 53 51 51 52 53 51 49 51 57 57 53
88 88 88 88 87 87 87 87 87 87 87 87 87 88 88 87 87 87 86 85 85 85 85 83 82 80 76 73 70 58 59 59 59 58 58 56 54 55 59 56 56 54 52 54 52 48 49 54 57 56 54 53 55 57 57 53 52 54 55 55 56 56 56 56 55 55 55 56 56 56 59 55 50 50 52 53 51 52 55 55 52 51 48 47 50 49 47 48 51 51 51 51 52 53 53 54
88 88 88 88 87 87 87 87 87 87 87 87 87 87 87 87 87 87 87 87 87 86 84 83 81 76 61 56 58 58 59 59 59 59 58 56 53 54 57 56 54 52 54 57 56 54 55 56 57 56 54 52 54 58 57 54 52 54 56 56 55 55 56 56 56 57 57 57 56 54 60 56 52 51 51 53 52 52 52 54 53 52 52 52 51 49 48 51 54 52 52 52 53 50 49 52
87 88 88 87 87 87 87 87 87 86 86 86 86 86 86 86 86 86 86 86 86 84 83 81 78 66 56 56 58 58 58 58 58 59 59 57 56 57 58 58 55 52 54 57 57 57 57 57 57 56 56 55 56 57 57 57 57 57 57 56 53 53 54 54 54 55 56 56 54 50 53 56 50 51 50 52 52 51 51 53 53 53 54 55 54 50 49 51 53 54 53 52 52 49 49 52
87 87 88 87 87 87 86 85 85 85 85 85 85 85 84 84 85 84 84 84 84 83 82 79 69 57 57 58 58 58 58 58 57 57 58 57 57 57 57 58 57 55 54 56 57 57 58 57 57 57 58 57 55 54 55 56 57 57 56 54 49 46 48 51 54 55 56 56 53 48 42 44 49 51 51 51 52 52 52 52 53 58 53 54 54 52 52 53 53 55 53 48 49 51 52 54
87 87 87 87 86 85 85 85 85 85 85 85 84 84 84 83 84 84 84 83 83 82 80 72 58 57 57 57 57 58 59 58 57 57 57 58 58 56 54 55 58 53 50 53 56 58 57 54 54 57 58 55 52 52 55 56 56 55 55 50 42 38 39 46 53 55 54 54 55 52 48 47 49 50 52 53 54 52 51 50 49 51 58 51 51 53 54 55 54 55 50 43 45 51 54 55
87 87 87 86 85 85 85 85 85 85 84 83 83 82 82 81 80 80 82 82 81 77 67 60 59 59 56 55 56 59 59 58 58 57 57 58 58 56 53 52 56 54 51 52 56 58 56 52 51 55 58 55 52 54 57 57 57 55 55 51 42 37 36 40 50 52 48 49 54 55 53 50 50 52 55 56 56 53 52 50 48 50 53 51 52 53 53 54 53 53 51 48 48 51 53 53
87 87 86 85 85 84 84 84 83 82 80 73 69 72 74 70 68 74 78 75 67 60 59 59 59 58 56 55 57 58 58 58 56 56 58 58 58 58 56 54 52 54 57 58 56 57 56 57 49 53 58 57 56 57 57 57 56 56 56 55 51 44 38 38 45 50 46 48 54 56 54 50 50 51 52 55 56 56 56 54 52 52 54 53 53 50 49 52 51 52 54 53 52 52 51 51
87 87 86 85 84 84 83 78 75 67 61 59 57 58 63 59 58 64 69 64 59 59 59 58 57 56 56 57 58 58 58 57 54 52 54 56 58 58 58 57 56 56 56 57 57 57 55 52 48 52 57 57 57 57 57 55 54 55 56 56 56 52 45 39 42 49 50 51 55 56 54 52 50 48 50 54 55 56 56 56 56 55 53 50 50 48 47 50 49 50 53 53 54 53 52 52
87 87 85 84 84 84 83 80 74 65 59 58 57 57 59 59 58 60 61 59 59 59 59 56 53 54 57 58 58 58 58 58 56 52 51 54 58 57 55 55 57 57 56 56 56 57 57 62 50 52 56 57 57 57 57 55 53 54 56 56 56 56 51 46 46 51 54 54 56 56 55 52 50 49 52 54 54 55 57 55 55 53 49 45 46 48 48 49 48 49 52 54 54 54 52 51
87 87 85 84 84 85 84 83 77 63 58 58 58 58 59 59 59 59 58 58 59 59 58 56 53 55 58 58 58 57 58 58 58 55 54 56 58 56 51 50 52 54 55 53 53 56 55 54 54 54 56 57 57 57 57 56 56 56 56 57 55 53 49 46 46 50 55 56 55 51 50 52 60 54 53 55 54 56 57 55 54 51 49 46 46 49 50 50 51 50 50 52 52 53 52 51
86 86 86 86 85 85 84 83 77 63 59 59 58 58 59 59 57 57 58 58 58 58 58 58 58 58 58 58 57 55 56 58 56 55 56 58 58 54 50 49 52 52 52 55 53 56 57 57 57 57 57 57 56 54 54 56 57 57 57 55 52 47 42 40 39 46 54 56 54 50 50 53 52 51 53 55 55 55 55 55 54 53 53 52 50 51 53 53 53 51 50 50 50 52 54 54
85 85 84 84 85 84 83 81 71 61 60 59 58 58 59 58 56 57 58 58 58 58 58 58 58 58 57 57 56 51 52 57 54 53 56 57 58 56 54 54 56 54 52 56 56 57 57 57 57 57 57 57 56 53 53 56 57 57 57 55 49 43 40 39 38 44 53 55 55 54 54 55 55 55 54 55 55 55 55 54 54 54 54 54 54 53 54 53 52 52 52 51 51 51 53 53
85 84 82 82 83 83 81 72 58 57 58 59 58 54 52 53 54 57 59 59 58 57 57 58 58 58 61 59 55 48 49 57 56 56 56 58 58 58 58 58 58 57 56 56 57 57 57 57 57 57 57 57 56 54 55 56 57 57 55 54 51 48 46 43 41 46 54 55 55 55 55 54 54 53 51 53 54 54 55 53 53 52 51 52 54 54 54 51 50 53 53 53 53 52 51 52
84 82 76 77 82 83 78 63 53 51 55 59 58 52 49 51 54 57 59 59 59 57 57 56 54 56 62 62 57 47 48 56 58 57 57 58 58 58 58 58 57 57 57 57 57 57 57 57 57 57 56 55 56 55 54 55 57 57 55 54 54 54 53 50 49 50 53 53 50 48 48 47 47 48 49 50 53 54 55 54 54 53 51 51 51 51 54 50 48 52 53 53 54 54 52 50
85 80 71 70 78 79 70 58 53 52 56 59 58 56 54 56 57 59 61 59 59 58 58 53 50 55 61 62 59 50 49 55 58 56 56 57 57 57 57 57 57 57 57 57 57 57 57 57 55 55 55 55 56 55 52 54 56 57 57 56 55 55 52 51 54 51 47 46 42 38 38 38 39 43 45 46 50 54 53 54 54 54 53 52 49 49 53 51 48 50 52 53 54 54 51 48
84 81 71 66 70 74 73 68 65 63 62 63 64 64 61 58 58 63 63 58 57 59 60 55 52 57 62 62 58 53 50 54 58 54 53 56 57 57 57 57 56 57 57 56 55 55 56 56 51 51 55 57 57 56 55 53 53 54 56 56 53 52 49 50 54 52 42 38 39 38 37 35 36 39 42 44 49 54 52 57 62 54 53 52 49 46 48 51 49 47 49 51 51 54 55 52
84 83 79 71 68 72 78 77 76 74 74 74 74 71 66 66 70 70 62 56 59 64 66 63 61 61 61 57 58 55 51 53 57 53 51 54 55 56 57 56 56 56 56 54 51 53 55 55 51 51 55 57 57 57 57 53 51 54 56 55 50 49 50 52 55 54 45 39 42 46 40 36 35 39 45 48 51 55 54 58 55 54 50 48 47 46 45 50 49 45 47 50 49 50 53 52
84 83 83 80 74 73 79 81 82 81 81 81 81 77 71 74 79 74 60 53 60 70 76 75 69 62 57 56 56 55 50 51 56 54 54 53 53 52 51 52 55 55 53 52 51 53 55 55 55 54 54 56 57 57 57 55 54 55 55 54 50 50 53 54 54 54 51 48 48 49 41 37 37 40 47 51 54 55 55 54 53 51 45 42 47 51 50 51 50 48 49 50 50 52 53 50
84 84 84 84 82 80 79 81 82 83 83 82 82 79 74 77 81 78 66 55 62 75 81 80 72 63 56 56 55 54 51 51 55 57 57 55 52 51 48 49 55 54 52 53 55 55 55 55 56 54 53 56 57 56 56 56 56 56 53 52 54 55 54 50 46 48 53 53 50 46 39 39 44 47 49 53 55 54 54 54 51 46 39 39 46 51 51 51 52 51 50 48 51 53 53 50
85 84 84 84 83 81 81 81 83 83 83 83 82 81 81 82 82 81 76 68 71 79 81 78 70 62 57 57 55 55 52 51 54 57 56 55 53 53 52 52 55 55 55 56 57 56 54 52 54 55 54 56 56 55 55 56 56 55 52 49 51 54 52 43 38 42 51 51 46 45 44 46 52 54 53 53 54 55 54 53 48 42 46 40 43 48 49 50 51 50 48 46 49 52 49 48
87 85 84 84 84 83 83 82 83 83 83 83 82 82 82 82 82 81 80 79 79 80 80 76 67 57 55 56 57 57 54 51 52 56 56 54 54 56 56 56 55 55 55 56 56 57 53 48 50 55 56 56 56 56 56 56 56 55 52 49 49 50 47 45 38 42 50 51 46 45 49 53 54 54 54 54 55 55 53 51 48 46 47 45 44 46 51 53 50 50 52 46 49 50 47 48
87 85 84 84 84 83 84 84 83 83 83 82 82 82 81 81 81 81 81 81 81 80 78 74 65 56 53 55 57 57 56 53 51 54 56 56 55 56 56 54 52 53 55 55 54 54 59 56 53 54 56 56 56 56 56 56 56 54 53 52 52 50 47 45 47 49 53 54 50 46 49 54 54 53 54 55 55 54 52 50 50 52 51 51 49 49 50 51 49 48 52 45 49 50 49 50
85 85 84 84 84 83 83 83 83 82 82 82 82 81 81 81 81 81 79 77 76 78 70 57 54 56 55 55 56 56 57 55 53 52 54 56 56 54 55 57 51 54 55 54 51 51 54 54 55 56 56 55 53 54 56 56 56 55 55 55 55 53 51 49 51 54 55 55 52 51 52 54 52 51 53 54 54 54 52 52 52 53 51 51 53 52 58 48 50 46 41 43 48 53 53 52
85 85 84 84 84 83 83 83 82 82 82 82 81 81 81 81 81 80 78 69 66 60 56 51 53 56 54 52 52 54 57 57 55 50 49 54 56 51 51 55 53 55 56 55 54 57 55 55 55 56 56 53 49 52 56 56 56 56 56 56 56 54 52 50 52 55 56 55 54 54 53 49 48 50 53 54 53 53 53 54 54 52 48 48 50 50 50 49 52 50 48 55 49 54 52 52
85 85 84 84 84 83 83 83 82 82 82 82 81 81 81 81 81 80 78 69 62 57 57 55 55 56 54 52 51 52 55 56 54 48 45 49 53 52 52 54 55 55 54 55 54 53 52 52 55 56 54 52 51 53 56 56 55 55 55 56 55 50 49 52 54 55 55 55 55 55 52 46 46 51 54 54 52 51 52 53 54 51 46 46 49 52 53 53 53 53 53 50 48 54 49 48
85 85 84 84 84 83 83 83 82 82 82 82 81 81 81 81 81 80 78 69 57 54 53 53 55 56 56 56 54 52 54 56 53 49 43 43 48 53 55 55 55 55 54 55 55 49 44 47 54 55 53 52 52 52 54 55 55 54 54 56 55 50 48 51 53 54 54 54 55 55 54 51 49 51 52 51 48 45 48 51 50 50 48 48 51 53 53 53 50 49 51 47 45 47 49 47
85 84 84 84 83 83 83 83 82 82 82 82 81 81 81 81 81 79 76 68 60 55 49 47 50 55 55 55 55 54 55 56 51 46 40 40 47 52 54 55 55 55 55 53 52 48 45 49 54 53 52 51 50 50 54 55 55 54 54 56 56 52 49 50 52 52 53 54 55 55 55 53 51 50 49 47 44 43 46 50 50 51 51 51 52 53 53 51 48 48 48 44 45 49 53 52
85 84 84 84 83 83 83 83 82 82 82 81 81 81 81 81 80 79 73 64 60 57 50 47 51 55 56 55 56 55 54 55 51 41 37 40 49 51 50 50 50 52 51 47 45 47 50 55 55 53 52 52 51 52 54 55 55 55 55 55 55 51 49 52 54 52 49 49 52 53 52 49 48 48 46 44 45 46 48 51 52 54 53 52 52 52 53 52 49 46 43 43 47 52 53 52
85 84 84 84 83 83 83 83 82 82 82 81 81 81 81 81 79 76 69 61 56 55 54 54 56 56 56 56 56 55 54 54 50 39 34 39 48 50 49 54 52 52 51 47 47 46 51 55 56 55 52 51 52 54 55 55 55 55 54 54 54 53 52 54 55 53 49 48 49 49 48 46 47 49 46 45 45 43 47 51 53 54 53 53 55 52 52 53 50 45 42 45 48 52 52 51
85 84 84 84 83 83 83 83 82 82 82 81 81 81 81 81 78 72 64 57 56 56 56 56 57 56 55 55 55 56 56 54 50 41 38 43 50 53 54 55 51 52 53 51 59 50 53 54 54 54 52 52 53 54 55 55 56 55 54 54 54 55 55 54 54 54 52 50 50 48 47 47 49 51 49 48 43 37 42 51 54 54 51 50 52 51 51 52 50 48 48 47 48 49 47 45
85 84 84 84 83 83 83 83 82 82 82 81 81 81 81 80 78 72 63 57 57 56 55 55 56 55 54 54 54 55 56 55 53 50 48 51 55 56 55 51 47 48 52 50 56 50 55 53 54 55 52 51 52 54 54 56 55 53 53 55 55 55 54 53 53 53 51 51 51 50 48 48 50 51 49 49 43 37 41 51 54 54 50 45 44 47 50 52 52 52 52 50 49 47 45 41
85 84 84 84 83 83 83 82 82 81 81 81 81 81 81 80 79 73 64 56 56 56 56 56 56 56 55 52 51 54 56 55 53 51 52 55 56 56 55 50 46 47 49 53 52 49 54 53 54 50 52 52 52 54 54 55 55 53 53 55 55 55 54 53 52 48 45 46 46 47 49 49 50 49 47 46 49 41 44 50 54 54 51 42 39 45 50 52 52 52 53 51 51 49 48 48
85 84 84 84 83 83 83 82 82 80 82 82 81 81 81 80 79 74 65 56 55 56 58 57 56 56 55 52 52 55 56 53 47 43 48 54 56 56 55 54 51 46 44 54 50 49 51 56 47 47 52 54 54 54 54 55 55 54 54 54 54 54 54 54 52 45 39 38 38 42 49 48 45 44 44 44 49 47 46 49 54 54 53 47 45 48 51 52 49 49 52 52 52 51 50 50
85 84 84 84 83 83 83 83 82 82 81 82 81 81 81 80 78 75 67 63 64 66 67 66 61 56 56 55 54 54 55 53 45 40 46 54 56 54 54 55 51 44 40 47 52 50 45 47 42 46 52 54 53 53 54 54 53 53 54 53 52 53 54 55 53 47 44 46 38 44 51 48 43 42 43 46 49 46 43 47 53 53 52 52 52 52 50 50 50 49 51 53 52 50 49 47
85 84 84 84 83 83 83 83 82 82 82 82 81 81 81 80 78 74 64 60 66 72 73 72 69 61 56 55 53 53 55 55 50 48 51 56 55 53 53 54 50 45 42 46 54 53 45 40 43 48 51 53 52 51 52 52 48 47 51 50 49 52 54 53 51 50 48 46 44 48 51 48 48 47 47 48 49 45 43 48 53 50 48 52 54 52 49 50 51 50 52 52 50 48 49 49
85 84 84 84 83 83 83 83 82 82 82 82 81 81 81 80 77 74 64 59 66 73 76 76 74 66 57 55 54 55 55 55 55 55 55 56 55 55 55 54 51 47 49 52 52 54 50 46 47 51 53 53 54 53 51 45 42 45 51 51 51 53 53 49 47 48 50 49 47 49 50 49 51 51 52 47 45 44 46 50 53 49 48 52 52 51 50 52 51 51 53 52 45 44 50 52
85 84 84 84 83 83 83 83 82 82 82 82 81 81 81 80 77 75 72 69 70 74 76 77 76 70 59 55 54 55 55 54 54 55 56 55 55 55 55 51 49 48 46 48 51 53 52 49 48 50 52 54 53 51 52 42 42 47 51 52 54 53 49 46 46 48 50 52 50 50 49 49 51 53 55 44 42 42 46 50 53 52 52 52 47 45 48 51 52 53 54 51 43 43 50 53
85 84 84 84 83 83 83 83 82 82 82 82 82 81 81 80 78 77 77 76 74 75 77 77 77 73 63 56 54 53 52 50 50 54 54 54 55 56 55 50 48 48 45 45 50 53 52 52 50 50 52 52 48 44 44 46 46 47 47 49 52 52 47 45 48 48 50 53 53 52 50 49 49 48 50 46 46 47 49 52 54 53 52 47 39 37 44 50 52 53 52 49 42 41 48 52
