nb07xx_Applications/nb0731_Wind_Speed_Distribution/data/original/DWD/wind/weibull1981-2000_cdat_10m_BRD.asc
NCOLS 650
NROWS 880
XLLCORNER 3280000
YLLCORNER 5230000
CELLSIZE 1000
NODATA_VALUE 0
[rows 392 to 447 of 880, columns 288 to 383 of 650]
36 36 35 31 37 39 39 34 32 34 37 40 40 40 41 42 37 38 35 32 34 35 34 36 33 30 30 33 43 43 34 35 39 36 37 35 38 37 39 39 41 39 36 38 39 39 37 34 32 34 34 38 35 34 35 30 30 38 42 37 29 32 37 34 35 34 31 26 30 34 36 33 38 43 38 37 42 39 36 32 27 27 26 30 28 33 33 28 27 28 33 26 33 35 41 41
32 32 35 38 39 31 29 28 34 36 39 39 39 40 40 39 37 36 36 34 36 33 37 39 36 31 32 35 41 38 38 34 35 29 29 31 32 32 36 37 40 42 39 40 43 41 41 41 37 39 32 32 35 34 36 32 38 40 36 32 36 31 38 30 33 36 35 29 31 34 30 34 44 43 50 46 44 37 32 31 28 35 29 27 26 26 26 35 34 31 32 29 34 31 29 28
40 33 34 36 34 30 31 32 31 38 39 38 38 39 38 40 39 37 36 36 38 35 33 36 37 35 36 38 39 35 36 36 36 31 30 29 30 29 32 36 40 42 36 36 38 40 38 39 35 33 38 33 39 38 31 39 41 38 32 34 36 33 35 30 31 38 31 29 35 28 27 35 39 37 43 39 39 36 40 41 33 31 33 31 26 28 29 31 27 33 31 29 29 31 33 29
41 35 36 33 30 30 30 31 40 41 35 37 39 40 39 40 40 37 34 35 39 36 33 34 37 36 32 32 36 36 36 38 37 38 37 32 31 33 31 35 39 41 36 39 40 37 35 34 32 32 36 32 31 32 31 34 36 36 35 32 35 40 33 33 32 36 29 29 37 26 34 37 29 29 35 39 38 36 41 38 42 34 33 29 32 27 27 31 33 32 30 32 27 28 34 33
36 41 34 36 32 33 37 36 38 38 36 40 38 37 40 42 40 38 37 37 36 39 36 36 45 42 35 37 38 43 41 42 40 42 37 39 38 35 34 39 37 39 39 38 41 41 40 40 37 36 37 35 36 39 32 36 42 41 38 39 40 42 40 35 39 33 34 28 29 30 36 31 29 38 42 42 38 35 39 38 43 43 41 33 28 26 28 31 32 34 30 28 29 39 35 32
31 35 27 29 36 32 32 33 34 39 39 33 33 35 40 40 39 38 36 38 40 41 37 37 39 40 37 43 35 35 36 36 39 39 37 39 39 39 40 39 41 42 38 35 39 41 38 37 39 41 44 37 39 37 35 32 35 37 38 36 41 38 37 34 32 30 35 31 32 31 31 26 31 34 39 40 33 35 38 36 41 40 36 37 34 31 33 31 27 29 31 32 34 35 35 39
30 30 29 33 38 35 37 34 33 31 30 30 30 37 39 39 40 37 37 38 39 42 40 40 38 35 42 36 37 37 35 32 39 37 33 34 37 38 38 39 37 37 40 38 35 37 37 36 39 38 41 39 39 39 36 30 30 36 38 35 34 34 30 33 29 27 31 32 33 35 30 34 31 32 39 34 33 28 29 34 40 36 33 32 28 28 29 29 28 31 36 38 38 33 38 43
31 37 32 35 39 34 31 33 38 35 40 31 31 36 38 38 38 36 34 32 31 37 37 40 35 32 40 35 36 40 32 32 38 39 37 38 40 39 37 37 34 35 38 36 40 40 37 35 35 37 40 41 36 40 35 28 28 31 35 35 40 37 29 32 29 33 29 31 36 36 31 36 36 34 33 33 32 30 29 33 33 35 34 34 33 27 27 34 39 36 33 37 35 37 39 38
35 34 36 38 35 35 40 38 35 41 41 32 34 35 39 37 36 35 30 28 31 38 39 36 37 36 35 36 36 40 35 38 40 40 38 37 38 37 36 36 38 38 35 38 41 40 37 35 35 35 37 38 37 40 34 28 26 28 33 36 38 39 32 34 31 34 33 28 35 33 30 26 28 33 30 33 34 34 27 28 32 35 35 33 31 31 40 37 38 37 39 35 33 39 39 35
36 31 37 33 33 35 37 41 41 44 42 32 30 32 35 35 43 37 32 29 34 37 35 36 38 40 37 37 45 41 38 37 36 35 43 33 36 33 31 35 36 36 36 38 38 36 34 38 39 35 34 36 35 37 35 29 25 26 31 38 38 38 37 34 34 36 36 36 33 32 32 35 33 31 29 30 30 35 37 28 35 33 37 37 36 32 37 40 38 34 35 34 28 33 35 35
38 34 33 35 38 35 34 40 39 41 41 35 28 33 33 38 40 36 33 32 36 34 33 35 34 36 36 38 42 33 35 37 38 35 38 41 33 38 35 35 35 33 36 39 35 30 38 39 40 35 39 43 39 38 37 33 30 29 34 36 37 38 38 37 34 37 36 37 40 34 37 41 42 42 34 39 38 39 38 32 35 35 33 32 34 40 41 41 41 38 32 28 28 34 40 39
34 32 30 28 30 32 34 34 36 39 39 39 33 33 36 39 41 37 40 34 37 38 35 36 32 31 31 34 32 31 40 44 40 40 36 34 35 39 35 34 41 36 37 40 39 37 40 40 40 37 38 41 39 37 38 38 36 35 36 38 38 38 38 37 36 37 38 39 43 38 36 39 39 39 36 34 35 37 37 35 33 36 39 40 37 35 37 38 39 37 32 28 32 37 38 39
37 37 34 30 33 36 35 37 33 37 35 35 31 29 35 37 39 40 41 35 35 40 41 44 46 33 32 41 32 37 42 41 40 41 36 35 34 39 40 36 43 43 39 38 39 40 40 42 38 39 40 39 37 36 40 40 39 37 37 39 39 38 37 38 39 38 36 37 40 42 35 36 37 38 37 35 34 36 35 33 37 41 39 36 35 34 36 38 38 37 33 31 36 40 39 38
32 31 30 34 43 37 35 41 39 36 37 40 33 30 33 35 37 39 40 35 33 37 39 37 42 40 45 38 36 40 43 35 39 39 36 39 38 39 35 33 40 41 38 37 38 38 38 40 42 42 41 38 35 33 34 35 35 36 37 36 37 36 36 36 38 38 36 36 39 39 37 34 35 37 35 34 33 34 34 33 34 35 33 34 35 35 36 38 37 38 36 34 35 37 38 38
29 27 27 31 42 42 38 41 39 40 36 35 32 32 36 39 42 38 37 34 38 36 35 36 35 38 50 45 49 52 43 35 37 39 40 43 41 37 34 35 32 35 37 34 34 34 34 37 39 40 39 38 34 34 38 36 39 37 38 36 35 36 34 34 37 39 38 38 39 39 38 36 36 36 36 38 41 39 39 39 40 39 37 36 36 36 37 37 37 37 38 36 35 36 38 39
29 27 33 28 31 40 41 37 39 40 38 34 35 35 35 35 41 39 38 37 36 39 40 33 33 36 48 46 48 47 34 30 32 35 36 47 33 33 37 33 32 30 34 33 38 38 36 34 35 38 38 37 37 38 42 36 40 39 40 34 32 34 35 35 37 38 38 38 39 39 39 38 37 35 34 34 35 36 38 39 42 38 40 39 37 37 38 37 37 37 38 37 35 36 37 37
31 29 30 31 30 38 41 40 41 41 38 41 36 40 41 39 41 39 41 36 36 33 39 37 31 41 40 37 45 37 34 37 33 40 36 29 33 36 35 30 29 32 37 37 37 41 38 39 40 39 37 37 38 38 41 40 42 43 39 32 30 31 39 35 36 37 35 36 37 37 36 37 37 33 32 31 32 34 35 36 34 34 37 36 36 37 37 37 37 38 37 36 36 37 37 37
34 35 38 33 34 39 42 43 43 43 41 42 40 39 46 42 47 46 44 36 38 33 36 43 33 37 35 37 40 34 29 35 35 38 37 38 40 35 33 39 42 37 38 34 38 39 41 40 39 40 39 39 37 36 38 39 40 42 38 31 25 33 36 34 38 34 34 36 34 37 36 36 38 42 36 33 34 30 33 32 32 32 35 37 37 36 37 37 37 39 38 36 37 38 37 36
30 35 39 36 38 43 43 44 43 42 37 38 38 40 43 38 43 43 42 39 35 31 34 42 42 37 36 36 38 40 33 36 38 37 34 35 34 41 33 35 37 35 32 34 36 36 36 34 34 35 36 37 37 36 34 36 37 39 35 33 33 32 33 38 33 33 38 40 38 39 39 41 38 32 36 37 38 33 33 27 30 33 35 37 37 37 37 37 37 38 38 37 37 37 37 36
29 36 42 34 40 41 44 43 43 39 36 40 42 42 40 37 38 42 39 39 33 31 34 37 43 44 42 38 37 37 37 36 36 36 37 39 34 32 32 31 31 30 32 33 34 41 43 39 33 30 32 33 35 34 35 36 33 37 37 33 32 35 29 37 34 32 42 40 36 32 32 34 34 35 31 28 31 36 36 34 34 34 30 33 36 37 36 36 37 37 39 38 34 34 37 38
34 33 40 35 35 39 40 40 40 38 44 44 45 44 46 42 35 38 38 35 35 37 39 39 38 41 43 44 40 36 38 40 40 40 32 33 34 31 36 37 35 39 36 36 30 38 40 36 33 36 34 35 28 29 34 34 32 30 35 36 32 33 28 30 34 32 35 32 30 35 38 37 36 32 28 29 34 28 28 29 30 36 36 33 35 35 36 36 37 37 39 37 34 34 37 37
42 35 34 37 42 39 39 38 33 38 45 44 39 41 37 36 35 38 37 40 41 40 38 36 34 41 44 44 42 36 38 40 40 34 34 37 37 33 40 43 34 32 30 34 27 30 35 39 38 39 39 34 33 33 35 31 30 29 29 30 32 29 31 29 27 30 35 28 31 33 35 36 37 33 33 31 32 33 31 28 28 31 34 34 33 35 36 37 37 37 36 35 35 36 37 37
39 35 39 40 37 37 37 43 35 44 44 38 33 35 36 33 40 38 36 37 40 39 37 36 32 34 39 39 41 38 36 35 35 35 36 38 41 35 40 36 31 31 29 28 27 27 35 41 39 41 44 45 44 42 43 39 33 31 33 37 31 26 31 28 34 35 40 33 28 29 33 35 36 33 36 33 31 31 30 33 36 35 34 36 36 38 35 35 37 37 34 33 34 34 37 37
33 37 39 36 37 38 40 39 35 43 34 26 31 39 35 29 39 43 37 37 36 36 40 41 34 34 38 39 40 39 34 33 38 42 37 35 37 38 36 32 32 33 31 28 32 27 32 38 35 41 46 46 43 42 44 43 39 29 29 31 29 24 23 26 34 38 41 39 35 32 34 34 34 33 31 33 35 30 28 33 37 39 39 38 38 37 35 35 37 37 35 33 32 34 36 37
35 35 33 33 34 34 39 35 32 31 29 31 30 33 40 34 36 43 43 39 38 39 38 35 36 36 39 38 40 40 37 33 40 42 40 37 35 36 38 34 33 32 32 30 35 31 31 35 33 42 45 43 43 42 44 42 39 32 31 30 29 31 28 26 29 33 38 37 37 36 37 40 38 38 36 34 33 28 28 32 37 38 38 36 36 37 38 37 37 37 37 36 36 36 36 36
36 39 42 35 37 37 32 32 42 39 36 35 27 29 37 44 49 45 37 39 41 37 34 37 38 37 35 38 35 35 37 38 35 38 37 36 35 39 35 32 32 35 35 36 44 39 32 31 29 39 41 43 41 42 42 43 38 28 27 26 33 36 29 27 31 32 31 33 30 32 34 37 35 37 41 38 37 33 32 34 37 38 37 36 35 37 37 36 35 36 35 36 37 37 36 37
34 45 34 35 33 44 36 36 35 38 35 35 27 35 34 37 43 40 41 42 44 47 39 38 41 40 31 33 34 34 35 36 33 33 35 38 40 37 34 34 36 40 35 41 44 41 45 45 35 33 39 41 37 39 39 43 41 38 29 25 27 29 29 29 29 29 31 37 31 28 29 30 30 38 39 40 40 36 33 33 35 37 38 37 37 37 37 35 36 36 35 36 37 36 36 39
36 41 36 36 41 38 33 33 40 30 32 36 32 29 39 38 39 38 38 40 47 53 47 35 36 36 34 31 35 36 41 42 37 38 39 39 36 37 39 39 38 41 43 41 45 45 45 47 45 37 34 34 36 40 41 40 39 36 31 27 33 36 34 33 28 28 27 29 25 30 29 29 29 29 30 31 31 34 28 31 33 36 37 37 37 37 37 38 40 38 37 37 37 35 35 37
33 40 42 33 37 35 34 33 40 29 37 33 36 30 42 47 51 41 43 48 47 52 46 37 41 38 37 36 30 38 43 43 40 40 39 38 36 37 39 40 44 47 43 44 45 41 40 41 43 43 37 34 39 41 40 39 39 40 40 36 33 37 37 32 29 28 28 29 26 30 31 31 32 27 30 36 37 29 29 30 30 31 34 33 35 37 37 37 39 41 37 37 36 36 36 37
35 35 38 44 38 37 38 31 33 34 32 39 41 34 45 51 48 40 45 45 46 45 43 36 38 41 41 37 39 44 46 46 44 42 41 38 39 41 43 40 43 42 40 41 42 39 39 40 41 41 41 34 35 39 41 41 40 40 40 41 40 38 39 37 36 38 35 33 32 27 32 36 32 27 29 34 39 39 39 40 33 28 28 29 32 35 35 36 37 36 33 31 35 36 36 34
46 36 30 34 37 35 41 42 41 41 35 45 46 44 42 40 45 44 48 44 41 39 36 34 34 38 41 40 37 39 43 45 46 43 43 45 41 40 40 40 38 37 34 40 42 41 39 39 38 37 37 34 39 42 41 41 40 39 39 40 40 39 41 41 40 42 41 39 37 35 36 37 36 35 33 31 36 36 39 41 39 35 33 30 32 31 32 34 37 34 31 31 34 32 31 33
36 39 35 27 28 30 35 41 46 43 41 39 36 40 39 34 44 49 49 46 44 44 44 41 40 37 39 41 39 39 38 42 43 43 44 43 39 34 36 36 32 33 37 37 40 43 40 38 38 41 40 37 39 39 39 42 40 40 39 39 39 40 41 41 42 42 42 42 41 40 38 38 38 38 38 36 32 35 36 41 36 34 34 32 38 34 31 33 36 35 32 33 32 28 32 28
35 38 35 28 35 31 30 35 42 51 49 44 36 34 39 32 39 42 47 50 51 49 45 44 43 38 37 40 40 40 37 39 40 42 44 43 37 32 32 31 31 33 38 39 38 40 37 35 35 35 35 35 33 33 37 40 41 41 39 37 37 39 40 40 41 40 41 41 41 39 38 38 37 37 39 36 32 36 40 40 38 37 36 35 38 39 35 34 34 35 35 34 31 32 26 33
33 33 32 35 46 39 38 34 40 38 46 37 42 37 36 32 31 34 35 42 52 51 46 39 37 41 38 34 35 38 37 36 39 41 43 43 41 36 33 34 33 34 38 40 41 40 40 40 39 39 39 38 34 33 35 37 39 40 41 40 39 36 35 38 40 40 41 40 40 39 38 37 37 38 38 37 33 39 38 37 36 36 37 36 34 36 40 38 35 34 35 35 32 31 32 29
34 41 37 33 30 29 41 43 38 35 39 36 44 39 36 39 34 37 33 34 47 49 44 39 41 43 38 35 34 34 35 36 40 41 42 41 42 42 39 37 35 30 32 37 38 39 41 41 40 40 40 40 40 38 39 38 35 37 37 37 36 36 35 39 39 40 41 39 39 39 39 38 37 38 37 38 34 32 32 34 35 35 37 37 37 37 37 38 40 32 32 31 32 32 33 31
29 35 41 39 36 31 36 34 37 34 38 43 37 37 37 38 38 30 33 29 41 46 44 37 38 41 41 38 38 40 42 40 37 39 40 40 37 41 42 42 35 35 34 30 33 38 40 40 39 40 41 40 41 39 38 38 40 38 36 38 37 36 34 36 37 39 40 39 38 38 38 38 35 35 38 38 38 34 34 36 37 37 36 36 37 37 37 37 38 37 28 33 29 26 27 30
27 32 34 35 40 39 41 38 41 35 40 40 34 34 36 31 35 32 30 29 38 46 42 37 34 38 39 39 39 38 37 42 43 39 35 38 38 41 41 41 36 31 31 36 35 35 34 34 35 40 42 41 40 40 40 40 40 39 37 35 35 38 40 38 34 36 38 38 37 36 37 38 39 39 42 40 39 38 39 38 37 37 36 36 37 37 37 37 37 36 34 31 34 30 27 32
33 35 30 34 33 42 34 31 35 38 36 41 38 33 42 41 31 36 29 38 37 45 45 40 37 35 35 38 39 38 40 39 38 39 35 36 39 38 39 41 41 39 38 38 39 38 35 29 34 41 42 41 39 39 40 40 41 39 39 39 38 41 43 41 38 32 34 35 35 35 37 38 38 39 38 38 41 39 37 36 35 36 37 37 37 36 36 37 37 35 38 38 34 33 32 32
29 31 30 36 46 41 37 47 45 42 36 36 42 32 37 44 33 34 38 43 43 48 47 40 35 36 41 40 37 37 37 38 36 32 35 39 40 39 39 40 40 40 37 36 35 35 33 34 32 39 41 38 38 39 41 41 40 39 40 40 40 40 39 38 37 36 32 32 32 34 37 40 40 40 40 36 37 37 37 36 35 36 37 38 37 36 36 37 37 36 36 36 33 34 31 30
34 30 37 33 33 34 45 33 35 41 36 35 31 34 41 42 36 43 36 44 47 52 49 42 34 33 37 39 38 36 37 37 34 30 35 37 38 40 40 38 36 38 34 31 35 39 37 35 31 30 36 39 37 38 40 40 40 40 40 40 40 39 38 38 36 36 35 33 33 35 36 37 37 37 37 37 37 36 37 36 36 36 38 39 38 37 38 37 38 39 38 38 36 34 34 32
35 32 38 37 35 36 47 33 29 38 36 33 34 34 32 33 43 37 38 32 39 38 44 43 38 34 37 36 35 38 40 38 32 28 29 32 36 39 38 35 35 38 38 39 40 40 38 35 32 37 38 36 37 38 39 40 40 41 40 39 40 40 39 39 39 39 38 37 37 38 38 37 37 37 37 37 36 36 37 37 37 36 36 36 37 37 38 39 38 37 38 37 36 37 34 33
37 35 37 35 38 42 36 36 29 36 33 30 42 44 36 33 34 32 33 42 33 32 44 45 42 39 38 35 33 34 36 38 32 26 25 28 33 38 35 40 40 40 39 40 41 41 42 41 41 40 41 42 40 39 38 37 38 40 39 38 40 40 39 39 39 39 38 38 39 40 39 40 40 39 39 37 35 35 37 38 37 36 34 35 37 37 37 37 36 34 35 34 34 34 32 33
40 39 32 30 35 38 35 36 34 35 28 36 41 40 39 38 33 37 32 33 33 41 47 45 41 35 33 31 30 30 33 36 32 28 28 31 36 36 35 37 37 39 39 40 40 41 40 40 40 39 40 43 41 39 36 36 39 41 40 39 39 38 35 37 37 38 39 36 36 37 37 35 35 36 37 35 32 34 37 37 37 36 35 36 37 37 37 36 32 31 34 37 38 38 38 38
41 42 32 33 30 34 36 36 36 36 34 39 37 37 38 46 35 38 39 33 41 34 33 34 35 35 30 28 30 30 34 38 37 34 35 36 38 40 37 37 38 39 39 40 40 38 39 40 38 37 38 39 40 40 40 36 37 39 40 37 36 36 35 35 34 35 37 33 34 36 37 38 39 38 37 37 35 36 37 37 37 36 37 37 37 37 37 37 34 32 35 37 39 41 42 41
35 38 32 34 28 26 27 30 32 36 34 30 30 31 37 44 44 36 40 42 37 42 42 34 30 31 30 28 27 30 35 39 39 39 37 37 36 36 38 39 40 41 40 40 40 38 38 39 39 37 36 37 38 40 41 40 35 34 39 40 40 40 39 38 36 34 36 38 37 37 37 38 36 37 38 38 38 38 38 36 34 34 35 37 37 37 37 37 36 36 37 37 38 38 39 40
34 31 34 37 34 31 28 36 33 31 33 31 37 26 28 33 35 32 36 40 43 41 42 37 32 31 27 29 27 27 35 40 39 40 40 40 40 37 37 39 40 39 38 38 39 39 40 39 36 36 38 38 39 39 39 39 39 38 35 38 39 39 39 39 39 39 40 37 36 38 36 36 37 37 36 35 40 37 36 34 30 30 34 37 35 35 36 37 37 37 37 35 35 37 38 38
34 32 38 39 40 38 33 36 32 33 34 36 36 29 33 38 35 41 39 36 35 36 38 40 36 33 30 29 28 32 38 38 37 36 36 36 37 37 36 38 39 38 36 37 38 38 35 36 39 41 40 39 39 39 38 37 38 39 37 35 35 37 38 38 37 37 36 37 39 38 36 33 37 39 37 36 36 36 36 34 29 29 34 37 35 34 35 37 38 37 37 34 34 36 36 35
37 32 34 37 41 39 36 32 33 35 33 33 32 27 38 45 42 37 33 28 33 41 41 40 33 36 31 32 31 33 37 36 36 36 39 37 36 35 36 38 38 36 35 37 38 37 38 39 40 42 41 39 38 38 38 37 37 36 35 34 31 32 36 36 36 36 36 36 38 37 36 36 36 37 36 36 36 36 36 35 33 34 36 37 37 36 36 37 37 37 37 36 36 36 35 34
33 30 34 42 42 37 31 30 31 28 25 26 32 29 31 36 43 31 30 30 39 37 42 36 32 34 33 30 30 30 36 37 37 37 38 37 39 39 40 39 37 36 36 38 39 38 37 38 39 40 40 40 39 39 38 38 38 39 39 39 38 36 36 37 37 37 37 37 37 37 37 36 37 37 37 37 37 36 36 36 36 37 37 37 38 38 37 37 36 37 37 37 37 38 37 36
33 31 34 34 34 39 37 32 29 27 30 32 39 37 29 36 35 31 30 38 43 42 39 39 33 33 38 32 29 30 35 39 39 38 38 39 39 39 37 36 38 37 37 38 39 39 37 36 38 39 40 42 40 39 38 39 39 39 39 38 38 38 38 38 38 38 38 38 37 38 37 37 36 37 38 38 37 37 38 37 37 37 38 38 38 35 36 37 36 36 36 36 37 39 37 37
31 39 36 32 31 28 39 31 29 30 38 37 32 28 27 36 37 33 32 39 38 38 30 38 43 33 36 34 31 30 33 38 39 39 39 38 36 36 39 38 37 38 37 37 39 39 37 36 37 37 39 40 41 41 40 39 38 37 37 36 35 36 37 38 38 38 37 36 38 39 37 37 37 37 38 39 38 37 38 37 37 38 38 38 38 36 36 36 37 39 38 36 36 35 34 35
31 43 39 38 33 33 35 31 32 30 30 31 32 35 28 28 29 34 38 32 35 31 32 37 42 35 29 33 33 29 31 35 38 37 36 34 36 39 36 37 39 38 36 37 38 40 36 32 34 36 38 38 40 39 39 38 34 35 33 35 34 34 37 38 39 40 37 34 35 37 37 35 35 37 37 37 37 37 37 37 37 36 36 37 38 38 38 38 35 40 40 38 38 37 34 35
33 34 30 33 31 41 35 37 30 40 35 36 34 36 31 28 34 39 33 31 31 28 31 40 36 31 33 36 35 30 29 32 34 34 32 35 38 36 36 39 39 38 37 37 39 38 32 26 31 37 38 37 36 35 34 36 36 33 37 38 36 36 39 40 38 38 36 35 35 37 37 35 35 37 37 37 37 37 37 36 37 36 35 36 38 39 41 41 40 42 42 39 38 36 34 39
34 41 39 33 38 32 39 44 42 47 37 31 31 38 39 45 36 31 43 32 28 34 28 32 39 32 32 34 32 31 30 29 33 32 29 31 37 36 36 38 39 39 38 39 40 37 30 30 33 36 38 37 35 36 37 38 41 39 40 39 39 38 38 38 37 37 37 37 37 37 38 37 36 37 37 36 36 37 36 35 37 37 36 36 37 38 39 38 39 38 38 39 38 36 32 37
38 44 45 33 42 37 34 36 41 43 44 41 31 35 35 39 32 30 42 40 33 29 34 39 36 35 39 29 31 34 31 31 33 30 27 28 33 32 32 35 39 39 38 39 38 34 36 37 37 38 38 37 37 34 35 38 39 40 40 38 39 38 38 37 37 37 37 36 37 37 37 37 36 36 37 36 36 37 34 32 34 37 37 36 36 37 38 38 37 35 36 37 37 35 35 32
31 37 35 43 41 44 44 41 36 37 38 43 43 38 31 30 28 32 45 41 40 29 30 30 32 32 33 30 29 35 36 33 32 28 27 30 31 30 29 32 37 39 38 38 37 38 40 40 39 36 35 35 37 35 37 38 39 39 37 36 37 37 36 36 38 38 36 35 36 37 37 37 36 37 36 37 37 36 32 30 33 37 37 37 36 35 33 34 34 35 36 37 36 37 37 35
