nb07xx_Applications/nb0731_Wind_Speed_Distribution/data/original/DWD/wind/weibull1981-2000_cdat_10m_BRD.asc
NCOLS 650
NROWS 880
XLLCORNER 3280000
YLLCORNER 5230000
CELLSIZE 1000
NODATA_VALUE 0
[rows 448 to 503 of 880, columns 96 to 191 of 650]
35 36 41 44 41 41 37 39 40 40 40 42 43 42 37 40 38 34 41 46 39 41 39 38 39 42 37 33 35 34 37 35 42 42 37 35 36 38 40 36 45 38 43 39 34 34 31 37 44 38 34 36 34 31 37 32 42 46 40 33 31 37 36 37 39 41 37 41 40 49 43 36 34 41 34 40 48 39 39 40 43 34 38 43 50 42 40 46 53 45 47 50 43 36 36 34
43 42 41 39 40 38 36 38 39 36 43 41 36 34 42 38 35 35 38 42 37 38 42 40 41 36 39 30 38 32 32 45 44 40 46 40 40 39 45 39 35 40 41 39 37 43 39 40 36 31 33 35 36 38 42 38 50 40 36 33 33 44 39 43 41 47 37 40 46 44 39 34 33 37 45 49 38 36 42 33 36 35 42 35 39 41 52 53 40 44 48 39 39 37 40 48
42 44 36 38 39 39 41 39 37 37 37 39 37 35 42 37 38 32 41 37 34 37 41 38 41 32 45 37 41 35 36 43 41 45 41 44 48 41 38 40 42 44 42 36 36 33 35 39 38 36 39 41 37 38 37 41 34 36 42 34 38 43 34 44 43 42 43 46 40 35 42 46 41 35 41 46 44 40 36 38 35 36 37 42 49 46 52 49 51 41 37 47 36 31 31 42
39 38 36 43 43 35 36 40 42 39 34 33 39 36 35 32 30 32 33 37 42 38 43 37 34 40 45 37 34 34 39 34 40 48 42 49 44 44 44 45 44 45 36 38 37 33 36 38 47 39 41 45 46 44 39 31 40 37 47 39 48 40 32 43 47 49 37 42 44 35 38 48 46 37 45 50 36 38 38 33 47 32 33 40 37 42 40 41 47 49 39 40 36 41 32 44
38 36 39 42 39 40 39 39 43 37 36 39 36 38 34 33 41 40 33 40 41 36 37 38 35 37 36 38 32 35 40 38 33 36 39 42 42 42 47 41 45 40 36 45 43 42 46 42 36 37 38 42 45 45 35 42 42 34 39 37 47 35 37 42 37 50 36 32 34 37 40 43 39 34 34 44 36 43 37 39 42 33 47 47 40 45 36 36 45 40 44 47 43 33 42 34
37 37 36 38 39 41 38 41 40 39 41 41 42 39 36 43 38 33 37 41 39 40 36 37 34 38 37 34 37 41 33 33 29 35 45 45 38 37 44 41 45 40 37 40 31 33 33 33 34 41 33 36 38 36 38 46 38 34 48 39 45 40 36 49 34 40 46 41 34 31 38 42 33 45 38 34 36 33 41 43 41 36 37 39 45 40 44 34 44 36 51 34 31 35 34 40
39 36 37 35 40 38 39 36 38 38 33 34 43 43 34 34 35 40 40 36 38 41 33 32 29 35 32 37 41 33 27 31 33 38 45 46 44 39 38 38 41 38 35 29 33 46 33 34 41 44 40 40 38 37 34 37 31 33 40 43 44 38 36 37 33 38 36 38 33 40 33 33 39 38 38 47 41 32 35 36 37 46 39 46 42 41 50 36 41 36 48 39 43 41 37 39
40 41 43 37 36 36 37 41 39 35 35 37 35 36 32 38 41 40 34 31 33 39 37 32 35 37 43 35 33 28 31 34 37 37 37 45 35 34 33 43 39 43 34 35 33 40 40 41 39 38 43 39 36 38 46 49 37 33 36 46 39 39 42 41 39 36 42 41 40 40 34 34 52 51 45 43 37 33 41 42 44 34 37 42 40 46 41 44 46 37 47 34 31 32 32 37
39 39 40 36 40 38 43 43 33 38 41 40 35 38 34 44 36 40 33 29 38 37 37 36 31 38 34 29 33 38 33 32 34 35 45 36 37 41 43 42 41 40 34 45 37 36 43 40 43 37 37 39 35 41 39 37 41 33 37 38 36 36 33 46 44 39 46 44 40 38 37 37 40 43 48 52 43 37 49 43 46 39 36 38 37 36 39 37 47 40 39 45 49 36 33 38
31 36 35 40 44 43 39 37 39 40 43 33 36 36 42 39 31 40 35 39 44 35 35 36 34 34 37 39 33 39 40 36 33 36 41 41 41 40 41 38 41 41 32 38 44 39 42 45 37 40 35 38 34 32 33 36 37 37 43 36 33 31 38 38 38 43 37 38 36 36 43 39 42 51 46 49 47 41 45 44 41 45 39 46 36 43 44 35 42 45 42 45 39 34 35 36
38 32 42 40 35 36 38 41 40 43 32 27 28 31 35 33 36 34 40 35 38 34 30 35 45 42 40 40 38 38 36 35 38 42 43 38 38 40 40 40 45 41 35 39 33 39 37 42 43 38 32 34 39 42 45 37 31 34 35 41 38 29 31 42 48 45 38 36 36 33 37 36 36 44 36 38 41 40 54 45 52 47 42 43 41 37 47 41 31 40 36 38 39 47 33 35
42 34 37 34 38 40 44 36 31 32 32 39 32 31 32 35 46 36 42 36 30 29 32 36 39 36 39 41 41 38 36 36 36 36 34 40 41 44 42 43 42 44 39 40 40 35 38 46 41 41 34 31 39 43 43 48 34 32 37 36 37 34 33 35 37 40 41 38 37 40 39 33 38 40 41 40 43 38 45 48 53 49 48 35 33 40 41 38 42 36 36 39 34 39 33 32
39 34 36 41 42 38 34 33 36 32 30 31 33 37 30 33 36 32 35 38 40 42 38 39 33 33 38 38 44 43 41 36 39 41 41 44 47 42 47 43 40 39 40 37 36 37 42 40 39 40 35 30 33 37 37 41 35 29 30 29 34 38 44 39 46 40 35 35 34 34 38 40 36 44 39 36 46 44 40 46 43 40 42 41 38 37 36 43 35 38 34 43 30 32 37 44
31 37 43 40 36 33 31 37 39 40 36 36 28 33 33 38 41 40 30 29 33 33 34 34 35 38 33 37 37 40 38 39 46 48 43 43 40 42 47 43 47 39 44 41 39 37 38 40 42 40 36 40 31 33 34 34 32 34 36 39 34 38 41 39 44 48 38 35 37 36 44 34 45 47 39 45 53 38 39 47 36 35 44 34 42 47 44 41 37 33 36 37 34 37 40 41
34 35 38 39 39 32 35 33 32 32 33 38 36 35 35 39 42 38 35 33 39 34 37 33 34 31 37 41 38 37 40 37 44 43 42 45 41 37 43 40 40 36 37 42 44 44 43 39 37 35 37 38 30 30 31 29 31 36 41 32 37 34 37 41 39 41 43 38 39 42 37 33 37 37 42 42 46 43 40 47 45 35 34 37 39 38 33 35 42 42 33 43 43 42 33 45
34 39 37 37 30 35 39 41 38 39 39 38 41 38 39 39 35 39 44 36 42 33 32 32 30 36 40 43 42 43 36 35 36 35 35 40 43 41 46 48 40 39 43 39 40 39 38 38 39 36 34 37 40 30 36 39 35 33 39 32 39 45 40 37 33 34 41 34 42 37 37 34 48 40 43 46 43 49 33 37 46 33 42 47 37 35 45 33 38 42 36 49 43 38 45 44
32 39 36 30 31 39 41 39 40 36 38 39 39 40 37 37 39 39 41 37 39 39 41 40 40 35 33 36 42 39 36 38 32 40 39 37 35 41 46 47 37 40 40 42 40 38 42 46 36 33 38 38 34 30 34 39 35 38 35 32 36 37 42 33 44 43 39 35 43 42 37 38 38 36 37 42 36 36 41 37 35 36 47 44 35 47 41 37 34 34 48 43 34 33 34 43
39 35 33 35 39 40 36 41 37 39 38 39 38 40 37 43 36 37 40 40 38 39 35 39 42 44 39 38 36 38 40 45 35 46 46 37 35 45 40 34 34 39 42 42 40 40 40 42 41 35 33 39 35 31 30 41 34 43 31 40 40 37 34 41 48 34 40 43 42 40 36 37 36 33 41 34 36 36 46 43 33 41 39 35 33 46 39 36 32 47 43 34 42 42 37 34
36 34 33 38 40 37 36 36 35 42 42 35 38 37 39 42 36 35 37 34 34 32 31 38 37 41 44 41 43 37 41 41 40 48 45 37 43 39 37 31 34 35 32 37 39 39 43 45 38 35 39 37 39 34 30 32 38 44 37 39 37 35 44 39 33 40 42 37 44 42 44 37 40 33 41 42 42 39 41 34 37 34 30 33 30 43 36 29 30 37 34 37 43 37 38 31
40 36 33 38 35 41 38 38 41 40 40 37 34 38 43 40 39 37 36 39 35 40 39 43 37 37 40 40 42 37 39 44 46 46 42 43 45 35 31 31 34 37 42 39 33 33 34 43 38 36 36 37 37 34 27 38 33 30 30 36 30 32 35 35 32 41 35 42 38 34 36 45 44 34 39 38 35 41 37 42 42 34 31 47 45 36 33 36 39 29 32 37 32 41 35 43
36 34 33 39 36 38 36 39 41 40 37 37 37 41 41 42 38 40 40 37 36 36 41 42 37 38 41 40 45 42 42 39 47 44 38 36 39 38 33 31 31 33 34 36 33 30 38 42 35 34 42 45 35 31 31 31 29 36 30 36 40 33 38 42 41 36 38 40 36 36 48 41 36 36 44 35 40 39 36 49 51 40 41 42 40 39 38 40 39 33 32 30 43 39 39 35
36 36 41 39 37 33 37 39 38 38 38 37 41 41 41 42 38 44 38 42 41 41 42 43 42 40 41 38 39 40 41 45 43 39 35 37 44 40 34 35 38 38 38 32 31 34 36 32 37 32 35 38 35 43 40 29 30 36 37 44 45 39 29 37 39 37 44 34 38 33 40 37 37 38 37 38 35 32 40 35 45 44 38 33 37 36 44 39 43 41 37 28 35 39 31 44
34 42 42 35 34 34 35 37 35 38 39 40 41 38 41 37 35 40 44 42 39 39 38 42 43 40 37 36 37 44 45 39 38 35 34 41 37 39 33 31 33 36 35 31 30 37 35 32 40 35 32 31 30 29 35 27 34 33 43 41 35 40 33 30 35 32 34 36 44 42 43 39 45 38 45 43 45 35 39 45 52 39 34 43 37 35 37 41 42 31 33 34 36 42 30 39
33 39 35 38 35 34 37 34 42 39 40 41 41 38 38 36 39 37 41 39 37 42 41 43 42 37 34 39 45 42 41 39 38 40 34 37 33 33 30 31 36 37 34 38 31 34 33 33 34 43 39 38 37 37 29 24 27 34 39 33 35 32 39 35 31 41 47 44 36 41 34 37 45 45 44 35 35 33 35 42 41 41 42 34 44 36 38 43 39 35 44 32 34 40 32 34
36 38 39 33 36 37 34 36 37 40 40 41 44 38 34 35 41 42 41 35 38 39 41 41 36 37 42 41 41 37 39 36 34 34 30 32 37 31 33 34 41 36 32 36 34 34 32 31 36 35 37 39 33 33 26 27 33 30 29 30 35 41 42 43 37 31 33 42 34 33 32 42 40 36 39 40 34 35 34 40 42 45 45 44 33 37 39 37 42 45 42 39 33 41 40 31
39 42 42 38 41 35 32 34 39 38 39 38 41 38 35 43 42 42 37 33 38 35 38 36 38 39 39 37 40 37 37 38 36 34 41 34 32 38 34 37 36 33 30 33 29 30 37 30 29 38 32 35 40 34 30 32 29 31 37 30 36 35 34 36 39 38 32 34 39 34 44 41 47 40 33 40 47 41 41 45 38 39 42 36 38 47 38 42 47 42 38 41 37 36 36 39
32 36 39 39 39 32 37 36 40 33 40 38 36 33 35 38 40 34 32 34 39 35 38 39 35 36 35 38 35 44 35 39 35 37 42 39 35 34 30 33 35 33 31 27 34 32 37 37 30 38 30 33 35 31 34 31 31 36 35 33 33 36 30 37 40 39 42 39 40 43 41 32 34 38 46 37 38 36 35 46 45 46 39 45 48 42 34 43 39 42 40 39 35 33 35 40
32 35 41 39 34 36 38 34 36 33 30 30 31 32 34 34 35 37 34 35 37 35 37 34 30 35 35 36 40 41 36 39 33 39 35 35 39 30 34 32 36 36 33 28 38 39 34 43 40 35 29 27 26 41 35 42 36 38 40 34 30 35 33 31 36 34 33 37 48 41 37 40 38 34 38 40 37 35 38 39 39 42 40 42 40 39 37 44 38 35 36 35 41 33 34 33
33 35 36 39 32 37 37 34 30 30 33 34 37 32 34 39 37 39 39 35 35 34 32 29 30 33 30 40 44 40 35 37 36 34 31 34 33 31 34 39 33 35 30 31 42 32 31 43 40 36 29 38 31 30 34 34 31 37 39 38 31 36 35 36 39 40 37 42 48 41 35 41 40 40 33 33 36 34 35 44 40 45 46 36 40 44 39 39 42 42 38 37 44 38 36 38
34 34 33 38 33 36 37 30 32 38 34 39 41 33 35 34 37 36 35 31 33 33 36 36 38 32 35 36 38 39 34 32 36 29 32 38 32 34 37 36 36 40 38 28 34 27 31 31 32 31 34 40 38 30 34 35 28 31 31 32 35 36 36 41 41 36 43 36 42 34 32 35 38 38 37 33 36 33 47 49 38 45 38 49 47 35 46 37 43 42 39 38 36 43 35 34
34 33 34 32 37 41 36 32 34 30 34 32 34 36 32 36 32 36 33 36 35 31 31 35 31 30 31 38 31 41 43 34 37 33 32 38 34 30 32 34 37 40 34 28 32 28 29 31 30 30 36 42 36 40 36 33 38 35 36 41 43 34 40 35 37 43 42 33 34 37 45 37 33 40 43 44 41 31 43 39 36 49 50 46 40 40 45 33 43 34 32 34 40 37 38 35
35 33 35 38 40 38 33 28 32 34 37 33 33 31 32 37 32 32 35 31 33 34 30 31 32 34 33 34 33 38 36 33 32 38 33 32 30 39 32 34 36 40 35 32 33 30 38 40 35 38 38 36 34 40 30 35 36 33 34 33 39 39 37 38 33 42 35 31 44 40 36 39 35 35 42 34 39 31 37 40 47 51 45 43 38 44 42 43 41 42 30 33 36 42 38 36
36 37 33 39 41 35 33 36 35 32 33 32 29 31 32 36 37 34 40 32 34 30 36 34 34 38 34 38 40 35 39 40 31 37 30 32 34 35 34 35 34 31 29 28 30 34 33 41 43 42 32 32 38 36 30 31 33 36 38 38 33 37 43 42 37 34 33 35 41 40 34 32 37 41 36 31 38 34 40 37 48 46 41 41 41 45 42 41 45 46 34 44 34 36 36 35
36 35 31 27 31 33 41 38 36 33 38 42 33 30 34 32 38 36 38 35 36 32 43 41 42 43 34 34 38 33 31 34 31 34 27 31 29 32 30 38 41 29 32 37 28 30 35 40 40 36 35 34 40 29 30 38 38 31 33 40 35 33 32 33 39 40 32 34 37 35 33 43 37 39 39 39 33 45 50 39 43 46 38 45 46 40 39 40 51 50 43 40 36 37 39 38
34 31 28 28 34 35 34 34 33 34 35 33 36 34 28 27 30 37 41 36 35 35 42 42 42 40 32 32 34 32 33 30 32 30 36 32 28 36 37 36 33 30 42 41 35 27 28 37 29 27 29 32 34 33 31 33 30 38 42 37 40 35 42 36 42 41 32 39 33 39 41 43 39 37 37 32 39 45 40 42 41 38 37 42 40 41 47 45 53 48 40 40 40 38 40 41
34 33 34 38 35 39 41 39 34 41 33 33 36 39 32 36 32 30 34 37 31 41 39 38 39 34 30 36 35 33 36 36 40 33 35 41 31 35 35 30 41 37 39 42 32 36 32 29 33 31 32 44 38 35 33 39 32 36 41 32 35 36 44 38 41 38 37 40 34 42 36 38 38 38 33 35 37 37 46 39 31 39 40 47 35 48 40 43 41 41 39 39 40 34 33 32
36 40 41 41 37 40 43 39 33 32 35 37 33 36 31 35 35 31 32 29 35 39 40 38 38 40 40 33 34 31 30 32 37 33 32 40 36 29 37 30 35 35 42 38 39 39 31 35 35 43 37 34 43 39 31 31 39 31 31 42 41 34 37 34 38 39 40 37 39 39 34 38 37 31 42 33 46 43 44 32 37 37 44 36 34 39 36 41 39 35 36 36 40 37 34 39
36 42 41 37 37 37 41 37 34 34 32 31 30 32 35 35 35 33 32 34 34 37 39 38 39 37 44 35 35 34 30 36 33 35 32 34 40 30 40 33 40 34 38 38 41 44 34 34 28 31 36 34 40 43 37 33 40 33 30 33 32 36 38 41 39 41 43 41 33 35 36 36 38 32 40 33 45 38 39 33 32 39 42 40 37 33 37 32 33 30 33 29 32 33 33 34
36 38 41 41 35 36 41 40 40 35 35 38 33 39 33 35 36 37 34 31 32 38 37 40 38 39 38 40 42 34 29 40 37 39 39 31 35 33 43 46 43 33 37 29 37 46 44 40 32 37 34 36 42 43 36 33 42 35 40 30 38 45 41 37 39 38 37 33 27 30 33 32 30 29 34 32 36 38 36 32 38 44 38 36 39 45 50 36 35 40 35 32 35 33 39 31
37 37 38 39 41 38 36 37 37 39 38 45 36 38 34 37 31 29 35 37 32 40 35 36 39 42 42 46 38 36 41 41 42 38 31 38 45 42 37 38 38 34 36 35 37 41 48 49 42 39 41 35 33 34 44 43 44 34 43 34 43 44 35 36 36 43 40 32 37 34 41 45 36 29 28 34 38 34 32 35 44 43 37 40 37 38 40 35 40 41 39 30 32 40 35 30
37 39 34 38 40 42 35 39 43 37 41 47 40 38 39 38 33 35 33 35 36 42 40 38 38 39 40 43 44 37 41 38 43 35 30 38 40 43 41 46 46 46 36 45 50 49 48 50 42 44 41 39 36 36 35 38 49 35 41 43 40 37 33 34 45 43 39 42 44 37 45 42 36 35 30 34 32 34 35 39 36 36 40 38 34 35 35 41 34 35 36 38 32 43 38 33
36 36 35 34 34 35 36 35 44 43 41 40 42 44 48 45 41 38 33 40 38 41 40 39 39 38 38 38 42 38 40 40 39 33 38 30 36 40 35 42 43 47 39 38 47 51 47 49 49 54 42 44 38 37 43 38 47 44 52 45 38 44 45 35 49 42 36 39 44 39 32 39 40 36 34 35 40 41 36 37 36 31 41 36 39 32 37 31 35 35 40 42 35 33 33 33
35 35 38 34 36 34 31 36 38 37 36 36 41 44 46 42 41 37 40 40 40 42 38 41 41 39 38 36 37 37 38 39 36 41 46 38 31 31 35 33 37 38 39 45 47 44 38 42 47 53 45 44 38 48 49 52 55 46 55 48 48 46 38 44 48 33 39 35 44 38 42 32 30 35 37 34 39 40 30 38 32 37 36 43 38 37 35 37 35 42 37 39 41 36 33 38
37 34 35 31 36 42 35 38 37 35 38 37 40 41 44 42 39 37 39 36 40 44 43 37 37 34 37 35 33 39 40 39 42 45 41 33 37 32 32 36 34 33 34 39 42 35 32 35 36 41 48 52 52 52 51 51 47 50 49 46 46 46 38 50 38 34 43 41 39 38 39 36 31 34 31 29 36 33 35 43 36 34 31 35 30 30 32 37 42 39 38 35 33 30 32 33
44 32 32 31 36 36 36 36 40 43 38 41 43 43 42 42 41 33 31 37 41 44 40 36 40 37 40 34 29 33 39 38 36 42 40 36 44 37 37 30 38 45 42 33 33 34 35 32 34 34 39 44 54 49 45 47 48 55 45 42 49 54 46 52 42 48 48 45 40 38 36 34 37 44 34 30 37 35 34 35 29 34 37 30 31 38 38 36 36 37 38 41 36 31 33 40
40 33 28 33 39 38 37 33 39 43 41 44 41 41 41 40 39 34 38 38 41 46 42 36 39 37 36 32 31 31 34 36 37 39 41 42 43 40 44 37 37 39 37 35 41 42 40 38 41 39 35 41 46 43 48 48 51 53 45 48 49 53 48 51 46 52 50 47 42 45 35 36 45 38 29 32 37 36 35 33 37 31 33 37 31 33 39 37 35 36 35 34 32 34 36 33
46 31 29 34 36 38 36 31 35 38 38 39 39 39 36 39 37 38 35 38 36 43 40 35 33 33 37 36 37 38 42 47 41 36 40 43 41 38 40 45 38 35 36 32 33 46 44 38 37 47 46 46 47 47 44 50 56 56 50 51 55 50 48 43 46 55 52 46 42 34 37 41 41 37 34 31 39 39 30 35 40 33 35 33 34 38 40 37 37 40 36 37 33 34 36 34
30 28 30 33 35 36 37 34 33 36 35 39 41 39 39 36 35 39 34 34 38 40 36 40 36 39 39 38 36 41 44 49 46 40 37 41 39 39 41 37 34 33 36 41 29 37 38 46 46 44 42 48 49 46 43 46 49 50 46 46 56 49 45 47 49 49 40 42 41 40 43 36 34 33 34 32 36 35 39 38 39 32 37 33 36 41 36 35 38 41 38 35 33 32 38 29
30 34 34 33 38 36 37 34 36 34 34 42 39 37 37 39 34 32 35 37 38 41 37 35 33 41 34 36 39 43 43 41 37 36 37 42 43 39 33 34 31 37 34 41 33 33 38 39 48 37 34 41 45 51 47 48 47 47 43 48 54 52 49 50 43 44 46 52 51 50 42 35 40 36 33 39 30 35 39 36 30 33 40 38 36 39 39 34 36 42 44 40 38 28 35 30
35 34 31 37 32 34 37 44 39 34 39 47 44 38 34 38 31 33 38 42 40 36 33 36 37 34 36 37 35 42 40 34 31 36 38 42 43 37 34 34 29 34 38 46 38 37 42 48 45 36 41 48 40 43 44 47 48 48 45 48 52 51 56 58 51 47 51 49 51 45 32 40 42 37 31 34 30 31 30 32 34 34 36 32 31 31 31 32 33 35 43 35 38 31 44 32
32 35 32 43 35 33 35 40 40 39 35 42 39 34 33 32 35 39 34 41 41 31 35 35 32 33 33 31 37 38 36 35 32 33 35 36 31 33 38 38 33 32 44 50 48 38 39 44 39 36 39 41 38 39 39 41 44 48 44 44 46 46 50 51 54 51 45 42 40 37 38 44 37 32 31 31 32 42 31 34 34 32 38 38 35 41 39 36 38 35 44 38 35 30 34 32
30 32 29 32 35 31 40 35 33 37 36 35 32 37 29 31 31 32 30 29 28 29 29 33 34 35 32 36 38 35 37 35 34 35 34 35 37 31 40 40 39 36 42 49 43 40 34 35 42 50 42 41 45 46 45 45 45 40 43 47 46 40 47 50 46 45 47 49 50 52 50 47 42 42 37 33 31 36 33 38 36 30 32 35 33 30 38 33 32 29 39 38 37 32 31 34
37 38 32 41 34 38 39 35 40 35 32 34 44 46 33 28 29 29 35 31 32 35 38 30 35 39 40 36 35 37 36 36 34 34 36 32 38 35 35 37 38 37 43 45 40 46 41 41 47 47 45 44 45 46 47 49 48 43 40 42 40 39 35 41 46 45 43 42 43 45 48 40 43 41 35 31 33 31 33 41 34 33 42 40 36 32 31 29 34 37 36 36 32 31 32 28
40 35 34 43 32 39 43 41 41 29 34 40 44 46 41 32 36 35 31 35 32 31 36 38 35 33 38 36 32 38 37 39 36 36 36 38 41 38 33 37 42 42 45 41 42 39 48 43 45 43 42 41 43 45 44 38 38 40 40 45 48 40 38 40 40 43 45 45 48 40 38 34 32 41 39 33 31 34 34 36 34 41 36 37 34 33 36 30 29 37 33 31 29 35 36 32
34 39 43 41 29 34 40 43 36 28 38 44 33 35 46 35 35 33 33 34 36 32 32 38 39 34 33 35 37 39 34 40 33 35 38 36 33 37 35 36 43 44 42 43 43 36 39 42 39 42 43 41 42 44 42 40 41 40 42 48 47 48 38 41 46 46 50 45 51 47 48 37 31 37 37 40 38 35 32 28 29 40 34 36 40 36 34 42 34 37 40 33 35 33 38 37
34 38 40 34 35 44 43 34 35 32 31 42 33 39 41 39 38 36 37 39 33 33 32 32 41 39 33 35 37 36 35 38 32 34 34 32 34 44 43 38 38 40 38 36 37 35 40 42 39 42 44 40 40 40 41 41 43 42 43 45 42 45 41 44 51 45 49 44 46 48 47 40 34 33 33 33 32 33 31 28 28 28 31 30 31 27 32 38 34 38 39 36 36 33 37 42
